10
89 49
40 29 41 39 28 9 50 25 46 47 8 43 32 1 19 4 11 39 40 9 18 5 8 38 22 49 1 4 13 11 26 12 49 47 26 23 13 8 11 28 1 39 45 21 16 28 43 50 30 22 11 10 16 14 2 37 23 28 19 41 3 48 44 4 21 18 39 39 27 37 9 23 3 7 28 39 26 1 11 38 48 18 6 24 44 31 14 12 28
39 28 5 45 28 21 8 25 46 26 4 43 3 29 19 4 9 49 16 9 1 18 50 28 21 23 18 40 13 39 37 12 26 47 16 22 13 9 11 28 1 11 39 24 8 38 43 50 30 48 27 10 47 14 2 37 49 1 19 39 32 11 44 4 22 41 40 39 11 26 8 23 11 7 28 41 39 1 3 38 23 18 31 48 44 6 14 12 28
31 70
31 83
70 86
18 33
33 77
26 57
48 52
1 36
1 50
50 67
67 81
60 76
51 69
25 59
25 65
30 32
30 34
32 42
42 87
2 14
2 38
2 58
14 71
7 23
7 47
13 61
3 22
3 66
21 27
21 80
11 19
11 28
28 45
10 35
35 53
49 64
6 17
17 44
17 62
6 84
54 56
73 79
24 46
4 43
29 41
29 78
8 40
40 55
55 89
89 20
39 28 37 38 20 27 29 37 16 2 31 26 12 8 18 20 25 23 11 8 4 26 46 24 40 19 11 32 12 21 47 34 34 4 15 13 4 12 46 14 10 15 4 50 44 22 26 32 34 3 15 29 13 21 37 38 9 46 36 17 5 27 36 12 26 6 44 35 32 32 32 18 49 37 21 23 8 5 49 29 27 7 16 8 17 35 33 33 24
39 44 37 38 20 27 29 37 12 2 31 26 12 8 18 20 25 23 47 8 33 26 21 24 40 19 11 36 16 21 12 34 34 4 15 13 4 11 46 37 10 15 4 50 17 22 26 34 9 3 15 29 13 32 37 38 32 46 36 16 24 27 32 12 26 6 44 35 32 32 21 18 49 14 46 23 8 5 49 29 27 7 28 8 17 35 4 33 5
40 74
61 89
2 45
45 60
45 83
28 63
15 19
15 31
19 38
32 73
54 71
48 49
49 57
16 23
23 75
6 9
6 29
29 67
21 80
80 87
87 34
34 29 45 19 3 29 11 6 9 41 42 41 4 37 41 7 27 12 32 6 7 3 24 39 39 16 6 24 44 49 47 43 7 40 47 15 34 30 5 49 42 48 7 32 27 5 3 8 4 8 16 27 14 28 18 48 34 38 37 19 38 33 17 21 22 23 15 39 41 43 8 18 3 5 39 44 5 50 18 49 26 40 3 19 3 3 39
28 29 45 19 37 3 11 6 48 40 42 41 19 3 41 49 27 12 32 6 7 8 24 39 39 14 6 24 37 49 47 43 7 41 47 15 34 4 5 49 42 50 7 48 39 5 29 22 4 3 16 27 16 39 18 32 7 38 44 19 38 33 17 21 8 23 15 34 41 43 8 26 3 5 39 44 5 3 18 34 18 40 3 30 3 9 27
24 31
22 50
6 47
6 69
17 48
17 65
25 43
25 45
45 87
41 70
11 52
52 82
9 42
9 78
42 86
44 56
13 38
13 77
13 84
26 53
12 18
18 32
29 59
27 39
16 57
16 80
10 15
10 34
1 54
54 68
5 14
5 19
19 72
72 81
50 16
28 46 46 1 25 7 47 11 32 46 9 9 49 46 20 23 48 50 34 10 32 6 16 34 24 45 18 21 24 9 49 47 34 18 22 28 40 28 17 9 19 12 28 45 34 1 7 29 36 23
28 46 46 32 9 7 47 11 47 46 9 25 49 46 20 23 48 45 34 10 1 6 16 34 18 50 24 18 24 9 34 32 34 21 22 28 40 28 17 9 19 36 28 45 49 1 7 29 12 23
8 9
9 32
31 41
41 45
5 12
33 50
25 27
18 26
38 42
42 49
4 30
4 35
35 44
16 24
15 22
28 34
50 12
34 7 33 1 50 26 17 30 2 20 16 28 31 37 6 22 34 16 11 28 27 25 8 43 34 25 25 6 31 3 29 5 49 47 33 49 22 21 41 15 37 20 15 11 27 20 33 13 12 46
6 7 33 17 50 26 17 30 2 41 16 28 31 37 6 22 11 16 21 28 11 25 8 43 34 15 25 34 31 3 29 5 49 47 33 27 22 49 20 25 37 20 15 34 27 20 33 13 12 46
8 10
10 35
8 39
19 21
19 36
21 38
20 37
22 42
26 29
29 40
17 44
1 28
55 12
29 24 43 27 13 16 1 15 29 37 11 1 46 11 6 43 3 3 44 11 44 37 11 14 39 16 12 17 13 31 17 17 32 36 12 18 9 24 38 31 10 24 3 36 26 21 45 38 8 29 49 25 28 10 17
29 46 15 27 13 11 24 1 12 37 11 1 24 11 6 43 3 3 44 11 44 37 16 14 43 16 12 17 13 31 17 17 32 36 29 18 9 15 38 31 10 24 3 36 26 21 45 38 8 29 49 25 28 10 17
6 23
32 50
2 13
13 42
21 51
3 25
3 52
9 35
7 8
8 34
7 38
15 28
52 11
14 24 25 36 16 13 25 20 3 2 25 37 50 46 15 42 35 41 5 25 4 31 17 29 45 15 1 43 42 12 34 22 10 6 27 39 37 34 47 37 29 16 20 8 9 34 2 32 12 9 39 18
14 29 25 36 34 13 25 20 3 2 25 37 50 46 15 42 4 41 39 16 35 31 43 29 45 15 1 17 42 12 25 22 10 6 27 39 37 34 47 37 24 16 20 8 32 34 2 9 12 9 5 18
2 41
41 42
14 16
16 25
3 20
20 31
19 51
11 46
45 48
17 21
23 28
72 32
1 42 26 19 36 39 23 43 18 17 28 20 9 39 33 16 12 32 11 38 4 43 46 19 38 9 45 30 31 38 42 22 13 27 46 42 5 20 43 21 3 27 32 45 36 49 30 50 17 27 38 50 7 24 14 19 5 49 41 30 9 21 18 10 38 49 13 41 5 14 9 50
9 46 26 19 24 5 23 43 18 17 38 20 21 20 33 16 12 32 11 38 4 43 42 28 14 32 14 30 31 38 42 3 13 27 38 42 39 17 30 36 41 27 1 45 9 19 30 50 39 27 38 50 7 36 38 5 5 45 22 43 9 21 18 10 46 49 13 41 19 50 9 49
13 22
13 40
13 45
11 21
11 24
24 46
24 56
56 69
32 41
32 59
39 60
35 65
1 26
1 43
43 61
25 55
25 57
6 37
27 58
58 70
58 72
5 54
4 9
4 52
28 33
10 17
17 67
20 50
2 23
14 38
14 49
29 36
61 34
32 41 39 7 44 7 18 33 38 45 8 13 29 3 36 1 39 31 28 42 24 10 36 10 31 23 30 46 48 11 17 18 23 3 35 25 5 38 3 39 47 32 3 30 31 41 27 32 39 41 29 47 21 31 5 42 3 5 49 22 8
3 41 39 21 44 31 23 5 38 45 42 13 18 41 36 48 39 31 33 8 24 10 36 30 31 23 28 5 1 11 17 29 18 31 35 46 25 38 32 39 47 32 42 10 3 41 27 32 39 3 3 47 7 49 22 29 8 5 30 7 3
25 30
10 48
10 58
11 16
11 20
16 29
13 32
43 51
43 56
3 14
14 50
3 57
3 61
12 35
6 8
6 9
9 19
6 27
27 54
9 55
54 59
55 60
28 36
36 37
21 52
34 45
7 33
2 23
1 39
4 49
4 53
26 31
17 42
24 44
71 14
38 18 43 16 24 18 33 20 6 20 1 3 34 30 41 29 27 5 12 6 35 14 44 35 15 45 46 48 32 31 36 49 36 38 34 31 37 31 11 14 6 44 7 49 24 25 13 33 36 27 37 49 34 27 31 13 39 28 11 43 45 1 18 13 8 36 33 41 11 5 7
31 18 43 16 11 18 37 13 6 20 1 3 34 30 36 29 27 5 24 6 35 14 44 35 15 45 46 48 49 31 41 32 36 38 20 31 33 31 12 14 6 44 7 36 24 25 13 33 36 27 45 49 34 27 38 43 39 28 11 34 37 1 18 13 8 49 33 41 11 5 7
7 37
44 66
15 31
31 42
8 35
35 56
8 60
29 32
5 19
19 39
22 38
64 70
1 55
51 61
