10
8 2
20 3 43 81 7 72 79 91
91 3 43 81 7 72 79 20
1 4
1 8
6 1
64 84 81 64 42 33
64 84 81 64 42 33
1 3
9 4
15 74 37 58 25 2 23 91 63
15 23 37 2 25 58 74 91 63
4 6
2 3
2 7
2 8
9 1
3 4 1 99 19 4 64 30 32
3 67 1 32 19 4 64 30 99
4 9
10 1
69 58 63 5 84 67 34 34 32 5
69 84 34 5 58 67 34 63 32 5
2 5
10 3
69 7 5 73 95 46 86 38 59 57
69 59 5 73 95 38 86 46 7 57
6 8
2 5
5 9
7 1
93 55 31 16 80 23 58
93 55 31 16 80 23 58
4 6
7 2
35 98 75 86 16 11 79
35 98 75 13 16 11 79
2 5
3 7
9 5
31 32 7 80 3 12 11 44 15
12 32 7 11 3 31 80 44 15
1 2
2 5
5 6
3 4
4 7
9 4
49 55 97 42 85 52 45 59 32
49 85 97 32 55 52 45 59 42
4 7
4 9
1 2
2 5
