10
7 3
14 18 31 79 1 56 30
18 30 31 79 1 56 14
1 2
2 4
2 7
7 6
19 90 35 51 55 4 94
35 51 19 55 4 94 90
1 2
2 3
1 4
4 5
3 6
2 7
7 4
26 42 50 91 60 57 66
26 66 60 50 91 57 42
2 3
3 4
2 5
2 7
7 4
31 54 86 27 16 91 45
27 45 31 54 16 91 86
1 2
1 3
2 4
1 7
5 2
38 66 44 65 84
38 44 66 65 84
2 3
2 5
7 6
4 85 5 16 29 3 99
5 85 16 3 99 29 4
1 2
1 3
3 4
4 5
1 6
3 7
8 7
14 4 12 19 97 66 14 64
14 12 19 14 4 37 66 64
1 2
2 3
3 4
2 5
3 6
6 7
6 8
7 6
74 15 85 1 66 29 60
15 60 66 99 85 74 29
1 2
1 3
2 4
4 5
3 6
1 7
6 4
70 82 62 51 80 5
51 62 70 80 82 5
1 2
1 3
2 4
1 5
9 6
97 9 17 72 80 63 94 58 6
58 72 17 6 97 80 94 63 9
1 2
1 4
4 5
2 6
5 8
4 9
