10
95 51
17 11 46 16 13 28 25 43 18 14 34 13 7 2 19 25 41 4 17 7 6 18 30 19 3 43 38 5 40 12 39 23 25 9 20 42 30 36 32 42 24 44 5 50 34 24 33 48 40 41 4 33 40 3 24 24 13 3 31 46 49 27 43 12 2 4 49 17 18 32 3 17 23 22 14 3 21 48 17 42 2 32 36 20 36 44 1 2 43 18 6 24 17 21 3
17 23 3 21 18 13 25 43 18 14 24 34 13 2 19 7 39 5 4 7 6 33 30 19 3 28 38 5 40 17 46 23 32 9 40 20 3 32 40 4 24 3 42 50 34 17 33 48 12 41 4 41 11 22 24 24 13 48 31 44 49 14 43 12 24 2 49 17 30 25 18 17 36 3 6 3 42 43 20 42 2 32 36 17 36 44 1 2 43 18 27 25 16 21 46
1 2
1 38
1 39
2 53
1 56
56 73
2 90
17 22
22 31
17 42
42 50
42 52
42 60
50 62
62 71
17 75
60 91
4 30
4 35
35 36
35 49
30 77
77 80
30 93
10 11
11 12
11 13
11 16
12 45
12 92
5 6
5 26
6 37
6 58
37 67
26 69
26 78
19 46
19 61
19 65
19 66
65 79
65 84
33 70
18 40
40 43
8 41
3 27
27 54
27 74
74 95
53 23
16 20 17 34 28 46 50 12 41 8 23 40 13 25 3 37 48 19 33 45 40 16 47 19 42 6 23 25 50 39 10 9 40 44 45 32 31 14 29 6 21 7 17 19 36 35 48 27 26 35 24 15 7
32 29 17 16 25 46 50 45 41 8 23 40 13 33 3 37 26 6 24 45 40 35 47 19 50 19 23 14 42 39 20 16 40 44 12 35 27 25 19 6 28 21 17 10 36 9 48 31 48 34 7 15 7
17 47
47 49
18 24
18 26
28 38
8 35
11 25
5 14
14 19
5 41
19 42
14 51
37 48
2 9
2 31
2 39
31 44
1 4
4 22
22 32
1 36
1 46
1 50
77 66
3 6 35 15 44 12 20 41 26 22 47 36 49 25 8 10 28 24 28 33 13 45 35 41 18 39 30 35 44 24 28 2 1 25 23 38 10 28 12 13 49 4 25 24 50 34 39 45 3 5 41 8 21 5 42 43 34 6 17 34 37 41 36 11 13 41 23 20 39 19 32 11 48 43 29 38 1
5 48 35 10 36 28 6 45 28 22 4 44 13 24 18 10 26 20 28 17 20 41 1 38 43 5 45 25 49 12 37 41 38 24 24 2 41 39 12 25 3 8 13 25 34 43 39 32 3 11 47 41 41 28 6 29 8 42 21 34 44 15 36 1 35 13 11 23 23 19 30 39 49 50 34 33 35
15 25
25 45
25 56
45 57
25 74
14 18
18 28
28 39
28 63
14 64
39 67
39 68
28 70
28 77
1 5
5 9
9 12
9 17
9 19
19 29
12 31
17 34
34 41
41 44
9 54
19 55
44 58
58 61
2 7
7 10
10 13
7 21
13 73
11 42
11 51
11 52
6 8
8 22
6 30
6 35
30 38
6 49
6 69
23 32
23 33
33 36
33 46
33 47
23 65
65 66
33 75
4 27
4 37
4 40
4 43
4 48
4 62
4 71
3 16
3 26
16 50
16 72
20 24
20 53
20 59
20 76
92 64
42 44 50 21 19 25 36 16 50 50 42 12 24 40 12 33 19 30 19 1 14 33 38 12 32 10 8 8 37 44 16 22 45 5 20 22 15 49 11 44 33 5 13 9 45 50 35 49 50 40 37 30 16 24 5 38 22 10 36 18 40 50 37 21 3 39 2 1 27 43 16 38 7 13 46 26 31 50 7 46 4 11 34 17 2 5 9 4 17 17 24 20
5 44 50 21 19 43 36 16 50 22 30 46 10 40 32 33 19 14 19 5 44 33 50 12 38 24 24 40 24 3 22 9 45 2 50 9 37 49 11 1 4 13 13 34 26 38 50 49 15 8 17 30 16 35 5 12 50 12 36 39 18 20 40 10 42 37 2 1 27 7 16 38 25 42 11 7 31 50 45 46 4 21 37 17 16 44 5 33 22 17 8 20
2 13
13 26
2 68
13 81
36 44
44 51
44 83
44 89
16 41
16 45
41 76
45 79
45 88
7 39
7 69
3 12
12 19
19 28
3 50
28 52
3 58
58 64
19 71
50 75
12 77
75 82
1 11
11 18
18 21
11 30
1 42
1 65
18 74
17 27
17 31
31 32
31 34
17 85
27 87
85 91
22 60
22 61
61 63
22 66
6 10
10 23
10 29
29 35
29 37
35 46
23 47
10 49
47 54
54 57
46 62
37 70
62 73
15 20
15 25
15 40
15 56
20 72
15 86
56 90
61 39
3 20 4 45 44 9 45 10 36 27 42 7 7 14 17 9 22 40 32 43 38 15 17 2 43 10 47 8 22 27 11 26 43 1 17 49 35 25 41 21 37 38 31 12 27 28 17 14 26 44 42 5 17 47 22 12 39 33 38 46 34
37 22 4 47 44 9 45 10 12 38 43 25 7 14 47 39 22 49 46 39 17 15 28 2 43 10 32 35 22 7 11 26 43 33 1 40 8 41 27 21 34 12 31 36 27 17 38 14 26 44 42 5 17 17 27 38 9 17 20 45 3
3 33
33 48
3 49
23 28
23 37
28 46
37 53
9 40
9 44
1 41
1 61
8 42
42 56
6 16
16 34
16 35
35 57
35 58
4 15
15 19
4 27
27 50
19 54
19 60
11 20
20 21
20 25
25 47
12 30
12 38
12 39
2 10
2 17
10 18
17 26
2 32
26 36
26 55
55 59
53 26
25 13 35 31 43 19 28 10 2 37 39 43 14 19 10 41 28 2 13 41 39 30 29 30 50 40 24 1 41 29 21 11 40 32 36 23 13 37 11 41 13 28 24 3 16 22 45 38 1 45 32 48 29
41 13 37 31 36 10 28 10 19 37 39 43 14 19 2 35 28 39 13 48 2 30 29 3 50 40 24 1 11 29 21 11 40 32 22 23 13 38 41 41 41 43 24 30 29 28 45 13 1 45 32 25 16
2 23
19 26
26 34
19 47
24 44
4 27
4 40
1 20
1 52
29 32
29 39
32 45
45 53
6 9
6 15
15 18
9 21
18 22
22 33
3 16
16 38
3 41
3 48
5 35
35 42
5 46
79 67
23 8 48 32 24 22 16 15 47 3 1 43 29 15 11 15 22 11 14 12 34 32 16 24 19 5 30 37 1 32 10 47 16 33 49 20 34 49 33 13 46 26 35 48 22 9 11 22 10 31 49 1 4 3 5 17 2 47 49 14 11 49 49 17 45 27 41 28 33 23 48 43 3 49 28 13 46 8 5
2 31 1 14 13 10 15 11 34 43 35 3 46 8 29 28 3 11 34 12 46 17 22 11 24 49 16 10 19 48 16 47 49 23 41 49 26 33 48 9 1 5 4 49 22 24 47 22 28 16 32 1 43 15 30 22 44 48 13 32 3 20 49 49 5 14 49 23 33 33 32 11 37 45 17 5 27 8 47
6 20
6 49
49 56
56 75
9 37
37 42
9 45
37 79
5 36
36 38
5 39
39 40
36 44
38 46
40 48
38 62
3 10
10 11
10 12
12 43
12 47
3 53
43 58
3 72
17 23
23 28
17 30
28 31
31 69
28 71
17 73
19 21
21 34
21 66
34 70
66 77
13 15
13 24
13 25
13 27
13 29
15 33
33 41
27 55
55 65
29 74
2 7
2 14
14 35
2 50
7 63
63 67
4 26
26 59
4 60
4 76
1 8
1 16
16 18
8 22
18 32
1 51
18 54
18 57
16 61
51 64
32 68
84 72
34 2 29 22 44 9 6 23 17 12 50 22 24 5 30 41 50 1 41 47 5 16 43 50 4 50 1 15 30 44 32 14 36 36 15 12 7 41 47 40 7 19 46 9 11 3 49 38 9 35 4 1 37 27 2 46 41 37 19 19 27 49 24 11 13 29 19 36 18 27 34 46 42 40 13 32 9 47 46 12 23 40 18 35
47 41 27 4 44 50 42 23 27 9 1 22 46 41 13 2 9 16 27 50 19 37 18 29 18 43 1 9 12 32 44 24 22 12 15 17 36 40 47 40 7 30 11 5 36 37 46 38 36 35 4 50 29 19 2 1 23 14 9 41 6 32 49 35 7 40 47 15 13 5 34 46 19 3 30 34 19 24 46 50 49 41 12 11
15 51
51 75
15 79
27 30
27 31
27 35
31 38
27 48
38 82
8 17
17 20
20 64
64 67
17 77
17 84
14 28
28 43
43 44
43 45
28 46
28 47
47 53
46 57
47 66
14 68
66 74
28 81
10 23
23 26
26 34
26 41
34 49
34 50
10 80
41 83
2 3
2 6
6 7
7 16
7 24
2 40
2 59
7 61
3 71
2 73
1 13
1 18
13 22
1 32
22 56
22 58
18 62
1 63
32 76
32 78
9 12
12 21
21 29
9 36
9 42
21 70
11 19
19 52
19 54
54 55
19 60
4 5
5 25
4 33
33 37
33 65
4 69
86 52
34 38 47 12 45 37 17 21 25 34 23 44 26 30 8 13 25 20 32 9 3 9 31 43 39 18 45 49 33 43 22 18 45 6 5 26 12 50 19 38 47 7 39 50 23 31 41 22 10 6 48 44 30 29 19 31 34 12 16 24 13 3 8 12 10 26 18 40 25 2 15 17 6 2 18 38 32 21 1 5 11 2 5 41 38 18
18 38 32 12 45 5 29 25 12 25 21 22 19 30 9 18 17 20 13 38 3 9 31 19 39 18 45 49 22 43 50 34 45 10 43 26 30 50 26 38 21 7 39 11 12 31 41 33 10 6 48 44 34 15 8 31 24 12 16 34 2 17 18 47 6 26 18 40 25 47 23 23 6 2 13 44 32 3 1 5 38 2 5 41 37 8
7 8
8 11
8 17
7 54
8 69
17 71
54 77
17 80
13 18
13 39
13 63
39 86
30 41
41 45
45 62
41 64
64 72
62 78
42 84
1 6
6 15
1 20
20 24
15 32
20 35
35 43
32 55
35 57
35 60
6 85
2 3
2 19
19 46
19 61
46 70
16 34
34 50
16 65
65 75
12 31
31 44
44 76
76 81
26 29
29 36
36 48
48 49
4 9
4 10
10 33
33 37
9 53
98 86
18 23 40 7 43 15 48 17 42 22 40 50 21 20 1 40 24 45 24 17 16 17 27 9 38 18 2 14 8 25 37 12 21 49 42 25 9 40 31 28 38 44 22 35 38 35 33 18 34 13 5 43 21 42 46 27 4 10 47 37 20 39 41 33 27 40 12 40 10 30 12 9 11 29 17 16 15 15 46 44 8 14 37 8 3 27 18 35 3 25 14 45 30 30 50 11 21 26
15 27 31 7 45 33 3 17 42 18 40 50 11 40 47 28 18 41 22 21 24 40 9 27 44 46 38 37 8 38 27 43 49 12 30 21 34 40 8 12 38 44 21 48 50 24 5 9 16 17 33 14 17 42 18 40 4 2 20 37 3 23 27 12 15 25 21 25 35 9 15 10 39 26 45 43 10 35 40 18 1 42 30 8 37 11 25 14 20 16 14 35 13 30 46 22 29 17
6 35
35 37
37 49
37 52
49 54
52 64
64 70
54 71
64 76
64 82
12 23
12 24
12 25
23 27
12 38
27 48
48 58
12 72
24 80
80 94
5 18
5 32
5 33
33 34
5 36
36 56
5 57
32 60
57 63
57 66
2 29
2 41
41 62
2 73
62 86
1 10
10 13
13 19
19 43
13 46
19 69
46 77
10 96
7 31
31 44
7 47
31 51
51 61
44 65
61 78
78 85
31 89
8 9
9 11
11 17
8 21
21 87
8 90
11 91
16 22
16 40
40 53
53 67
67 84
3 14
3 15
14 28
15 39
15 50
14 59
28 75
3 81
14 83
83 88
50 92
59 93
20 26
20 30
30 45
45 55
55 68
20 74
26 79
45 95
95 97
74 98
