10
10 6
56 35 5 39 76 93 9 53 90 94
53 35 5 39 76 93 9 56 90 94
4 6
1 3
3 5
1 8
8 9
1 10
7 5
33 47 69 67 36 50 77
33 47 69 77 36 50 67
3 4
4 6
3 7
1 2
2 5
6 1
15 66 65 20 69 61
17 66 65 20 69 61
4 5
6 2
21 62 50 23 47 55
23 62 50 55 21 47
1 4
1 6
6 0
27 53 3 78 81 87
27 53 3 78 81 87
8 3
5 58 8 89 4 73 13 50
5 89 8 58 4 73 13 50
2 4
4 5
4 7
8 5
23 15 7 92 65 23 14 42
23 15 65 92 42 50 14 7
3 5
5 8
1 2
1 4
4 6
8 6
34 10 63 87 36 13 58 5
34 36 63 10 58 87 13 5
2 3
2 4
4 5
3 7
1 6
6 8
8 5
81 11 14 5 7 62 54 19
14 81 62 54 7 11 5 19
4 7
1 2
1 3
3 5
5 6
5 2
16 30 71 22 62
80 71 30 22 62
1 5
2 3
