10
66 47
12 8 12 6 3 1 4 11 2 2 16 5 1 9 19 19 9 11 20 20 4 4 13 8 4 3 9 2 20 6 5 1 14 20 6 11 2 18 5 5 4 6 11 12 13 12 19 12 5 10 10 15 9 18 20 3 12 19 11 15 15 3 12 2 16 9
2 8 12 9 15 5 9 11 2 2 3 5 9 19 19 19 2 12 4 18 8 4 15 6 13 3 4 3 20 6 3 12 14 16 6 10 4 18 11 20 1 6 11 12 13 1 19 11 20 1 10 15 2 5 20 9 16 9 12 11 4 5 12 20 5 12
2 4
2 16
4 21
2 23
4 24
24 25
2 32
32 35
35 37
32 42
35 46
16 53
37 61
1 3
1 5
5 6
3 14
6 18
1 20
18 28
14 31
14 36
1 40
40 48
6 50
18 54
3 56
18 58
31 60
36 63
6 66
7 8
8 11
8 13
8 17
17 19
11 27
17 34
19 39
34 41
39 49
39 55
7 57
39 59
57 62
59 64
17 65
81 77
7 8 19 13 3 7 5 1 14 7 19 3 7 6 19 14 5 9 18 2 17 3 6 15 15 4 18 19 8 14 16 11 12 6 5 12 7 1 1 3 16 20 16 3 5 18 3 10 15 8 7 12 8 14 18 13 8 5 14 1 12 6 19 12 12 4 7 11 18 13 6 17 18 17 15 9 10 18 15 1 5
1 3 18 7 6 17 7 7 1 14 19 7 8 6 15 2 19 17 13 19 5 13 1 16 9 9 20 15 15 12 18 12 18 19 18 14 19 12 6 1 14 8 18 14 5 5 7 3 4 16 8 7 1 6 5 5 13 11 14 15 15 10 3 12 18 12 17 3 5 11 3 7 6 3 4 16 10 12 8 8 18
3 4
4 6
3 13
6 14
6 17
17 19
3 27
6 31
31 32
27 33
14 35
19 42
17 47
32 50
27 55
55 56
33 57
4 58
31 59
33 64
3 65
42 69
69 74
31 78
1 7
1 8
1 10
8 12
10 18
12 21
1 24
8 26
24 28
28 29
21 34
10 37
29 38
29 40
38 43
12 51
38 52
43 53
1 54
38 60
26 63
51 67
63 71
8 72
63 73
52 75
73 79
2 5
2 9
9 11
9 15
9 16
11 20
20 22
20 23
11 25
2 30
5 36
5 39
39 41
22 44
41 46
9 48
23 49
16 61
25 62
11 66
16 68
49 70
46 76
30 77
9 80
76 81
91 84
10 15 4 10 17 1 16 13 3 16 2 15 6 3 14 19 3 7 18 2 4 2 10 12 19 3 13 8 5 2 1 15 15 19 9 3 5 2 18 10 8 3 10 20 19 16 10 5 3 11 13 19 2 20 13 16 14 9 1 1 15 15 19 15 18 14 20 7 13 16 19 13 2 1 20 7 9 8 8 19 6 10 10 14 3 14 3 13 9 4 3
11 13 3 2 2 7 3 15 13 2 13 1 3 17 14 19 15 6 20 2 10 3 16 20 4 5 20 2 16 3 10 14 5 8 19 4 16 2 18 13 10 15 13 14 10 19 9 10 3 10 19 19 18 3 16 3 12 13 16 15 15 3 10 9 6 15 19 8 19 7 19 1 18 14 13 7 20 15 10 8 3 2 1 14 5 1 8 9 9 4 1
5 9
9 11
9 12
9 13
12 14
14 15
5 18
9 20
20 23
13 24
11 27
27 31
18 32
9 40
5 43
18 44
20 45
14 51
31 56
43 57
18 59
9 60
15 62
59 63
20 66
15 67
32 68
45 69
43 70
45 72
63 75
57 77
45 78
18 79
45 80
43 83
56 88
2 4
2 6
6 10
2 16
6 17
17 19
17 21
2 25
17 26
19 30
10 33
16 37
16 42
17 46
26 48
30 53
6 54
25 55
19 65
46 73
17 74
17 76
26 81
19 82
76 84
81 86
73 90
25 91
1 3
1 7
1 8
1 22
22 28
22 29
28 34
29 35
22 36
3 39
28 41
39 47
41 50
29 58
39 61
3 64
61 85
28 87
7 89
80 62
11 14 3 3 15 7 12 11 14 8 15 19 12 11 11 7 16 7 17 17 3 7 1 17 16 13 6 16 20 7 17 20 20 18 19 8 18 11 16 20 2 6 18 3 20 14 4 18 8 5 3 17 20 13 19 19 1 6 17 11 2 13 12 19 4 7 12 10 5 19 14 13 8 14 20 13 12 5 2 9
7 13 16 19 15 6 7 11 14 8 3 20 11 1 9 10 12 19 17 17 3 7 5 18 19 5 17 20 16 17 7 14 2 5 19 8 14 12 19 20 8 6 18 3 13 14 14 20 8 18 12 17 6 1 4 7 13 12 18 11 2 16 19 11 20 11 20 17 11 13 13 15 7 16 3 20 4 3 2 12
11 12
12 16
11 18
16 28
11 31
28 32
31 33
28 35
32 40
11 41
41 45
41 47
11 51
12 54
31 57
40 68
45 71
35 72
35 73
51 74
28 76
68 77
1 3
1 4
3 6
6 7
4 17
17 20
4 21
7 30
17 34
1 55
34 56
30 58
20 59
17 63
56 65
1 66
17 75
30 78
2 8
2 13
13 14
14 15
15 23
2 24
23 25
2 26
25 27
26 29
2 37
25 38
13 39
39 48
2 50
39 53
27 62
2 64
24 67
14 69
62 70
53 80
77 50
15 13 20 11 1 18 16 11 18 19 17 11 4 16 12 8 5 9 12 11 18 1 15 13 6 16 10 16 7 4 13 1 19 18 4 2 11 18 5 14 19 5 10 16 4 17 17 8 7 20 7 5 16 11 20 5 18 13 9 10 16 11 7 20 4 10 14 6 20 6 14 11 5 6 12 17 7
15 13 20 11 1 18 16 5 11 7 17 11 8 16 16 5 4 15 12 12 17 1 9 19 14 2 10 5 7 4 13 16 19 13 7 6 19 7 16 17 4 14 10 16 4 5 6 8 11 20 12 17 16 6 20 11 5 13 5 14 11 1 4 20 11 10 9 20 18 18 18 10 18 6 11 18 7
10 18
18 23
10 24
24 25
25 26
10 32
32 34
18 36
32 42
25 51
34 59
36 62
10 67
67 71
36 75
13 16
16 17
13 28
13 35
13 37
37 39
39 41
17 46
39 52
41 54
16 56
52 57
57 63
13 65
16 70
65 74
4 8
4 9
8 12
4 15
15 19
19 20
19 21
12 38
9 40
20 47
8 49
15 60
19 61
49 66
4 68
20 69
68 72
9 73
40 76
94 77
3 11 11 15 16 5 15 13 13 18 5 15 2 15 16 6 6 17 15 9 12 6 4 11 10 16 15 6 20 10 6 13 9 16 17 17 15 9 20 8 19 8 4 5 1 12 7 17 7 6 5 5 15 13 12 1 10 17 6 9 13 2 20 9 1 3 14 18 18 10 2 2 3 10 17 6 20 14 8 4 2 18 7 6 11 17 3 11 17 10 16 6 19 8
10 16 1 2 7 11 20 10 2 18 11 17 17 15 16 6 8 2 15 15 18 5 6 3 7 12 2 6 20 13 5 17 9 16 17 3 20 9 10 17 10 8 4 13 10 6 2 15 5 6 5 6 9 1 18 17 17 7 12 9 13 19 9 13 13 4 11 11 15 15 10 14 3 15 8 6 6 5 18 4 20 16 3 8 17 6 19 1 14 16 12 15 11 6
2 5
5 34
2 36
2 41
41 47
41 57
57 62
2 67
47 73
67 85
34 87
36 89
34 93
1 8
8 9
9 12
12 13
1 18
18 20
13 21
12 23
9 24
24 26
24 27
18 30
27 35
9 40
35 46
18 50
12 51
30 53
13 58
9 59
24 63
63 64
40 66
63 68
50 71
9 74
1 75
26 81
59 83
58 90
75 92
3 4
3 6
4 7
3 11
11 17
7 22
11 25
22 31
7 32
17 37
22 39
17 44
6 45
39 48
39 49
22 52
4 54
39 55
31 56
17 61
25 65
3 69
25 70
11 72
69 77
25 78
4 79
22 82
7 84
39 86
17 88
3 91
4 94
73 62
6 20 18 12 3 20 1 8 20 11 20 18 10 17 12 12 3 4 5 7 17 19 19 5 1 17 5 8 3 18 10 6 4 2 19 15 1 1 1 3 14 12 15 18 13 10 12 10 20 6 19 18 17 2 14 17 1 1 1 19 13 15 5 2 19 3 3 2 12 18 15 20 6
14 15 13 15 2 18 1 3 20 3 1 12 20 17 20 10 8 19 1 8 2 5 17 5 1 2 11 19 3 12 4 18 20 18 3 10 15 6 1 3 6 14 18 18 1 10 12 17 19 19 4 6 19 7 17 13 15 12 17 10 1 1 5 19 12 12 3 2 5 18 20 20 6
10 17
10 19
10 21
17 26
19 27
26 28
21 29
19 30
26 34
34 35
17 40
17 48
30 59
48 60
59 64
10 68
35 69
3 5
3 6
5 8
3 15
3 16
5 18
8 20
5 22
16 31
6 33
15 45
16 49
8 51
3 54
54 58
15 66
45 67
1 2
1 4
1 9
4 11
1 12
11 13
1 14
2 23
2 25
1 32
9 36
25 37
14 38
13 41
32 42
23 43
38 50
36 52
32 53
53 55
23 56
43 57
52 61
11 62
42 65
4 70
65 71
1 72
50 17
18 7 14 16 19 15 10 12 18 12 2 14 1 13 16 20 10 20 16 8 11 10 12 10 9 11 13 3 4 13 10 4 19 5 12 13 17 16 14 18 19 6 12 18 9 6 14 12 12 18
18 7 16 20 19 15 10 12 18 12 2 16 1 13 13 14 10 4 16 6 11 10 12 20 17 11 9 3 4 13 10 12 19 5 12 13 10 16 9 18 19 8 12 18 14 6 14 12 14 18
3 4
4 16
4 34
34 43
12 15
12 18
12 24
12 25
25 27
25 32
25 36
12 37
18 49
20 21
21 39
21 42
39 45
89 45
20 6 3 15 4 10 14 3 4 11 8 20 19 16 18 7 3 13 8 12 16 18 20 3 16 9 4 10 17 8 5 5 13 18 15 10 4 5 5 9 17 1 1 18 3 1 16 18 1 18 15 11 18 13 1 5 6 17 6 19 18 12 11 20 16 6 13 3 9 17 8 9 2 9 18 18 12 4 8 4 13 18 9 1 13 12 9 4 6
1 6 3 12 18 15 14 6 3 11 13 5 19 16 10 7 9 13 8 12 16 18 8 3 16 6 4 10 18 3 5 5 13 18 1 4 4 5 18 15 17 1 8 18 3 1 10 18 1 18 6 11 9 13 5 12 18 17 6 8 19 9 11 20 16 15 18 18 17 17 13 9 2 3 4 20 4 4 20 4 13 16 20 1 3 12 9 8 9
6 8
8 12
12 15
6 26
8 30
12 33
26 35
33 43
8 56
12 57
26 62
56 83
56 89
1 9
9 11
11 29
11 36
9 39
29 47
47 53
11 55
47 60
36 61
29 67
55 68
1 69
47 76
67 82
4 5
5 10
4 17
10 23
10 24
23 28
10 40
40 51
23 52
5 59
17 66
52 71
40 75
75 77
24 79
4 85
23 88
52 22
11 4 18 13 8 6 10 11 10 7 18 7 5 8 2 6 15 3 20 3 13 4 7 5 6 5 20 15 13 4 5 5 13 9 3 2 4 7 18 7 12 3 4 17 18 12 11 6 7 9 7 11
11 4 18 11 8 4 10 11 10 7 7 7 3 8 7 17 15 4 20 18 5 13 2 5 5 2 20 5 15 3 5 4 13 9 3 13 18 7 13 7 12 3 4 17 18 12 11 6 6 9 7 6
18 24
18 30
24 46
4 6
6 8
8 21
21 26
21 31
6 36
21 37
26 39
8 52
11 13
13 15
13 20
15 22
13 23
20 25
13 28
13 29
23 32
20 49
