20 20 0
16808 25250 74 43659 8931 11273 27545 879 27924 37710 14441 38166 34493 43043 7988 22504 32328 31730 28841 42613
44304 33170 17710 47158 29561 20934 43100 30279 1817 45336 49098 7827 13513 29268 23811 27634 30980 29150 36580 8822
11968 10673 1394 19337 25486 41746 25229 44092 40195 36358 35002 21154 16709 7945 15669 21491 38125 2197 9531 10904
27723 4667 28550 18025 47802 6854 40978 47409 8229 24934 10299 38982 28636 8014 23866 39815 39064 4537 39426 1670
24116 20095 25630 46502 46518 34196 30106 10405 19452 44299 32189 21124 49506 46883 6753 31567 36717 30338 4439 3145
1502 44898 33872 5829 11138 19359 3178 32398 22295 27905 21610 46232 9746 44176 3636 16299 48143 30400 27969 40413
261 23558 41595 38009 16396 25969 19114 4531 21007 10963 47943 35366 42083 29853 30768 33822 35696 24713 23672 9902
48591 24832 14739 3058 31617 19791 5641 10680 37336 27007 47973 36099 49096 25320 33455 45224 12290 6761 48906 36127
36124 29507 45814 26771 35239 29095 46221 37845 12367 40535 25227 15395 41364 18739 7845 9591 36551 45160 8624 14948
47386 7218 45273 5540 49248 42386 13497 44886 40624 32421 28145 31969 35736 49916 11626 13535 46043 46012 4680 24153
25245 27296 28819 40397 37693 1816 12992 40034 22670 19398 39554 10548 25826 21211 29663 30212 33809 23378 22762 626
37336 1869 27996 2777 12768 47440 29875 39332 40557 6302 18873 561 20095 18985 13756 39790 1408 28016 30194 22770
15681 3456 16856 17507 20964 33503 36677 13109 13250 2332 27845 37639 10809 39998 28652 4850 45204 45732 46532 48015
45420 36776 42010 30181 37930 45224 44055 38261 26738 41546 47318 37526 4201 34257 21565 10598 6649 37705 25551 25151
41977 1413 38555 32798 2505 48382 34749 7066 9379 47700 28210 25130 28554 15484 448 14608 30774 45323 14306 5177
20054 27225 34631 30367 5401 10445 45371 20286 33017 43899 8156 41134 15558 46577 3179 8267 37358 21712 27879 20615
24820 45738 33134 20592 23721 48763 6634 26198 26032 38589 10590 4874 48878 37305 29359 11201 27255 18961 14916 43948
45481 7731 19956 24547 37108 41239 40001 34927 45036 24858 11114 115 29594 1361 48355 18419 25358 42586 13730 21016
26564 6103 10918 36644 19420 12968 47748 45270 5396 23304 4474 19104 11749 24386 5659 13460 45407 23931 39825 35133
974 9604 46898 7921 3951 35232 38481 20204 13901 24521 12534 31259 17004 18677 20951 23935 8781 29880 41833 32575
20
1 10 43
2 10 72
3 11 80
4 4 71
5 1 24
6 11 72
7 10 19
8 7 100
9 11 22
10 17 25
11 5 59
12 17 72
13 5 61
14 19 52
15 1 4
16 12 2
17 6 81
18 19 75
19 10 14
20 1 26
13
4 9 24118
9 11 15325
16 18 24512
11 7 12411
14 14 9566
1 3 1404
13 8 6142
11 1 42800
8 12 7788
15 6 16642
18 9 1843
16 15 31446
14 1 39912
