20 20 19
50000 50000 50000 50000 50000 50000 50000 50000 50000 50000 50000 50000 50000 50000 50000 50000 50000 50000 50000 50000
50000 50000 50000 50000 50000 50000 50000 50000 50000 50000 50000 50000 50000 50000 50000 50000 50000 50000 50000 50000
50000 50000 50000 50000 50000 50000 50000 50000 50000 50000 50000 50000 50000 50000 50000 50000 50000 50000 50000 50000
50000 50000 50000 50000 50000 50000 50000 50000 50000 50000 50000 50000 50000 50000 50000 50000 50000 50000 50000 50000
50000 50000 50000 50000 50000 50000 50000 50000 50000 50000 50000 50000 50000 50000 50000 50000 50000 50000 50000 50000
50000 50000 50000 50000 50000 50000 50000 50000 50000 50000 50000 50000 50000 50000 50000 50000 50000 50000 50000 50000
50000 50000 50000 50000 50000 50000 50000 50000 50000 50000 50000 50000 50000 50000 50000 50000 50000 50000 50000 50000
50000 50000 50000 50000 50000 50000 50000 50000 50000 50000 50000 50000 50000 50000 50000 50000 50000 50000 50000 50000
50000 50000 50000 50000 50000 50000 50000 50000 50000 50000 50000 50000 50000 50000 50000 50000 50000 50000 50000 50000
50000 50000 50000 50000 50000 50000 50000 50000 50000 50000 50000 50000 50000 50000 50000 50000 50000 50000 50000 50000
50000 50000 50000 50000 50000 50000 50000 50000 50000 50000 50000 50000 50000 50000 50000 50000 50000 50000 50000 50000
50000 50000 50000 50000 50000 50000 50000 50000 50000 50000 50000 50000 50000 50000 50000 50000 50000 50000 50000 50000
50000 50000 50000 50000 50000 50000 50000 50000 50000 50000 50000 50000 50000 50000 50000 50000 50000 50000 50000 50000
50000 50000 50000 50000 50000 50000 50000 50000 50000 50000 50000 50000 50000 50000 50000 50000 50000 50000 50000 50000
50000 50000 50000 50000 50000 50000 50000 50000 50000 50000 50000 50000 50000 50000 50000 50000 50000 50000 50000 50000
50000 50000 50000 50000 50000 50000 50000 50000 50000 50000 50000 50000 50000 50000 50000 50000 50000 50000 50000 50000
50000 50000 50000 50000 50000 50000 50000 50000 50000 50000 50000 50000 50000 50000 50000 50000 50000 50000 50000 50000
50000 50000 50000 50000 50000 50000 50000 50000 50000 50000 50000 50000 50000 50000 50000 50000 50000 50000 50000 50000
50000 50000 50000 50000 50000 50000 50000 50000 50000 50000 50000 50000 50000 50000 50000 50000 50000 50000 50000 50000
50000 50000 50000 50000 50000 50000 50000 50000 50000 50000 50000 50000 50000 50000 50000 50000 50000 50000 50000 50000
1 2 50000
2 3 50000
3 4 50000
4 5 50000
5 6 50000
6 7 50000
7 8 50000
8 9 50000
9 10 50000
10 11 50000
11 12 50000
12 13 50000
13 14 50000
14 15 50000
15 16 50000
16 17 50000
17 18 50000
18 19 50000
19 20 50000
0
400
8 10 50000
14 19 50000
11 13 50000
5 19 50000
4 10 50000
1 6 50000
13 3 50000
8 4 50000
1 13 50000
10 18 50000
1 14 50000
20 19 50000
17 16 50000
18 7 50000
13 8 50000
11 14 50000
20 10 50000
20 2 50000
8 13 50000
14 17 50000
6 6 50000
9 12 50000
15 18 50000
2 14 50000
9 5 50000
9 11 50000
5 17 50000
11 4 50000
3 7 50000
10 5 50000
18 9 50000
9 14 50000
19 2 50000
16 14 50000
6 15 50000
4 17 50000
6 10 50000
16 15 50000
10 2 50000
18 16 50000
6 5 50000
12 19 50000
9 4 50000
6 3 50000
13 7 50000
17 18 50000
19 5 50000
2 18 50000
12 9 50000
18 19 50000
18 18 50000
15 5 50000
10 12 50000
6 16 50000
16 19 50000
3 20 50000
9 13 50000
1 18 50000
15 9 50000
16 9 50000
14 11 50000
7 3 50000
3 6 50000
3 13 50000
8 2 50000
16 13 50000
12 2 50000
11 12 50000
19 18 50000
17 11 50000
1 20 50000
16 7 50000
13 19 50000
16 20 50000
15 4 50000
10 1 50000
6 7 50000
4 7 50000
19 15 50000
1 5 50000
7 15 50000
4 19 50000
5 11 50000
11 20 50000
4 8 50000
6 18 50000
13 20 50000
8 6 50000
17 6 50000
4 1 50000
5 9 50000
16 16 50000
3 12 50000
20 13 50000
5 16 50000
19 17 50000
13 16 50000
12 14 50000
14 8 50000
6 11 50000
9 18 50000
2 6 50000
16 17 50000
8 20 50000
15 12 50000
17 2 50000
13 1 50000
16 10 50000
8 16 50000
14 10 50000
1 16 50000
4 3 50000
17 9 50000
12 10 50000
4 12 50000
12 15 50000
20 16 50000
10 4 50000
15 1 50000
18 6 50000
1 17 50000
5 18 50000
11 11 50000
17 13 50000
5 2 50000
9 6 50000
19 20 50000
10 10 50000
14 4 50000
8 8 50000
14 3 50000
6 17 50000
14 5 50000
11 7 50000
11 6 50000
17 19 50000
18 17 50000
19 7 50000
18 12 50000
20 18 50000
14 12 50000
1 3 50000
14 18 50000
10 14 50000
18 5 50000
19 1 50000
16 8 50000
1 11 50000
8 19 50000
1 7 50000
16 18 50000
14 15 50000
14 1 50000
15 19 50000
10 16 50000
18 4 50000
20 8 50000
16 4 50000
7 11 50000
5 13 50000
18 1 50000
1 4 50000
1 1 50000
11 15 50000
13 15 50000
10 3 50000
4 11 50000
10 19 50000
7 20 50000
11 2 50000
17 5 50000
17 12 50000
5 1 50000
19 12 50000
6 1 50000
13 4 50000
14 6 50000
4 13 50000
11 1 50000
12 8 50000
15 6 50000
9 3 50000
6 14 50000
1 12 50000
20 15 50000
7 17 50000
19 13 50000
1 8 50000
12 17 50000
12 12 50000
19 14 50000
8 11 50000
12 4 50000
15 14 50000
16 12 50000
3 17 50000
7 16 50000
18 2 50000
4 5 50000
9 17 50000
2 16 50000
11 17 50000
2 1 50000
6 8 50000
17 7 50000
8 1 50000
5 12 50000
11 19 50000
12 5 50000
19 19 50000
6 19 50000
9 10 50000
15 8 50000
1 15 50000
12 13 50000
11 8 50000
18 20 50000
14 20 50000
1 10 50000
11 18 50000
7 19 50000
20 17 50000
8 9 50000
13 5 50000
20 12 50000
5 4 50000
20 6 50000
5 6 50000
2 15 50000
13 2 50000
10 6 50000
8 3 50000
3 10 50000
20 9 50000
4 18 50000
2 13 50000
7 2 50000
16 11 50000
15 16 50000
13 17 50000
20 7 50000
16 2 50000
6 4 50000
20 11 50000
18 14 50000
17 10 50000
7 12 50000
11 3 50000
5 14 50000
2 8 50000
20 5 50000
18 11 50000
2 2 50000
13 13 50000
15 20 50000
8 18 50000
3 11 50000
17 1 50000
9 15 50000
6 2 50000
10 17 50000
4 2 50000
3 15 50000
4 4 50000
10 11 50000
5 15 50000
17 15 50000
11 9 50000
17 8 50000
9 16 50000
19 3 50000
14 16 50000
4 14 50000
1 19 50000
11 16 50000
4 16 50000
12 7 50000
12 20 50000
4 15 50000
3 16 50000
7 9 50000
3 4 50000
14 2 50000
5 20 50000
13 9 50000
15 15 50000
12 11 50000
20 20 50000
8 15 50000
7 8 50000
11 10 50000
8 14 50000
19 11 50000
10 7 50000
15 13 50000
15 11 50000
2 17 50000
20 1 50000
19 9 50000
2 3 50000
1 2 50000
6 20 50000
3 2 50000
3 1 50000
14 9 50000
10 9 50000
8 7 50000
7 14 50000
13 6 50000
19 10 50000
13 14 50000
20 3 50000
9 20 50000
6 9 50000
2 10 50000
2 7 50000
12 18 50000
17 17 50000
17 14 50000
2 19 50000
1 9 50000
2 5 50000
15 3 50000
9 19 50000
9 7 50000
2 12 50000
20 4 50000
18 13 50000
12 16 50000
5 3 50000
9 9 50000
17 20 50000
5 8 50000
6 12 50000
7 1 50000
19 6 50000
16 6 50000
7 4 50000
2 11 50000
15 17 50000
3 14 50000
15 10 50000
13 12 50000
9 1 50000
18 10 50000
3 3 50000
3 5 50000
16 3 50000
3 18 50000
20 14 50000
12 6 50000
7 10 50000
19 8 50000
3 19 50000
15 7 50000
7 13 50000
8 12 50000
5 5 50000
12 1 50000
10 8 50000
10 15 50000
14 7 50000
7 7 50000
3 9 50000
9 8 50000
2 20 50000
4 9 50000
7 6 50000
14 14 50000
13 11 50000
17 3 50000
19 4 50000
5 7 50000
4 6 50000
16 1 50000
17 4 50000
3 8 50000
11 5 50000
18 3 50000
2 9 50000
12 3 50000
10 13 50000
19 16 50000
5 10 50000
10 20 50000
6 13 50000
13 18 50000
13 10 50000
7 5 50000
15 2 50000
4 20 50000
8 5 50000
14 13 50000
2 4 50000
7 18 50000
9 2 50000
16 5 50000
18 8 50000
8 17 50000
18 15 50000
