20 20 1000
16808 25250 74 43659 8931 11273 27545 879 27924 37710 14441 38166 34493 43043 7988 22504 32328 31730 28841 42613
44304 33170 17710 47158 29561 20934 43100 30279 1817 45336 49098 7827 13513 29268 23811 27634 30980 29150 36580 8822
11968 10673 1394 19337 25486 41746 25229 44092 40195 36358 35002 21154 16709 7945 15669 21491 38125 2197 9531 10904
27723 4667 28550 18025 47802 6854 40978 47409 8229 24934 10299 38982 28636 8014 23866 39815 39064 4537 39426 1670
24116 20095 25630 46502 46518 34196 30106 10405 19452 44299 32189 21124 49506 46883 6753 31567 36717 30338 4439 3145
1502 44898 33872 5829 11138 19359 3178 32398 22295 27905 21610 46232 9746 44176 3636 16299 48143 30400 27969 40413
261 23558 41595 38009 16396 25969 19114 4531 21007 10963 47943 35366 42083 29853 30768 33822 35696 24713 23672 9902
48591 24832 14739 3058 31617 19791 5641 10680 37336 27007 47973 36099 49096 25320 33455 45224 12290 6761 48906 36127
36124 29507 45814 26771 35239 29095 46221 37845 12367 40535 25227 15395 41364 18739 7845 9591 36551 45160 8624 14948
47386 7218 45273 5540 49248 42386 13497 44886 40624 32421 28145 31969 35736 49916 11626 13535 46043 46012 4680 24153
25245 27296 28819 40397 37693 1816 12992 40034 22670 19398 39554 10548 25826 21211 29663 30212 33809 23378 22762 626
37336 1869 27996 2777 12768 47440 29875 39332 40557 6302 18873 561 20095 18985 13756 39790 1408 28016 30194 22770
15681 3456 16856 17507 20964 33503 36677 13109 13250 2332 27845 37639 10809 39998 28652 4850 45204 45732 46532 48015
45420 36776 42010 30181 37930 45224 44055 38261 26738 41546 47318 37526 4201 34257 21565 10598 6649 37705 25551 25151
41977 1413 38555 32798 2505 48382 34749 7066 9379 47700 28210 25130 28554 15484 448 14608 30774 45323 14306 5177
20054 27225 34631 30367 5401 10445 45371 20286 33017 43899 8156 41134 15558 46577 3179 8267 37358 21712 27879 20615
24820 45738 33134 20592 23721 48763 6634 26198 26032 38589 10590 4874 48878 37305 29359 11201 27255 18961 14916 43948
45481 7731 19956 24547 37108 41239 40001 34927 45036 24858 11114 115 29594 1361 48355 18419 25358 42586 13730 21016
26564 6103 10918 36644 19420 12968 47748 45270 5396 23304 4474 19104 11749 24386 5659 13460 45407 23931 39825 35133
974 9604 46898 7921 3951 35232 38481 20204 13901 24521 12534 31259 17004 18677 20951 23935 8781 29880 41833 32575
10 3 6250
12 11 15880
4 11 42041
4 11 2972
10 19 17747
20 11 35622
17 5 18245
19 17 16772
5 1 6599
12 1 14504
12 2 27206
1 19 9275
10 14 33321
6 13 1784
9 18 24009
11 5 19196
18 12 35691
7 11 10594
14 6 40961
3 4 4353
8 2 44911
1 20 43128
12 8 34415
6 2 19518
9 3 14316
15 6 11374
1 12 9240
15 6 6930
14 10 15167
17 5 9861
19 13 1721
17 1 48868
13 20 28699
2 12 16617
12 14 31729
12 2 27046
1 3 17159
14 8 35351
12 4 29595
14 8 7828
16 12 37443
17 7 28516
5 2 27098
2 4 34325
9 17 2282
16 11 13217
6 14 17782
1 12 31170
6 8 29537
9 6 20385
8 10 477
7 17 18667
8 1 27385
12 11 33259
12 5 19519
19 15 16826
8 10 49819
15 6 2919
9 10 28035
8 1 33755
1 17 40936
4 9 46866
12 13 3065
17 18 32676
6 11 20416
13 11 4748
18 20 18448
16 14 9580
10 5 33980
2 6 10290
19 14 11801
10 11 35218
7 19 9544
19 17 3322
20 17 41248
9 20 25988
16 18 33913
5 10 33785
15 8 520
16 6 15977
2 6 32820
12 4 22699
19 20 14005
4 20 48766
12 8 14925
6 2 14455
7 11 1704
13 15 32142
15 18 42218
1 10 23466
8 3 39880
18 17 14049
3 10 49040
9 4 2658
2 13 11467
2 18 6997
16 11 21495
16 2 29313
14 8 42233
5 12 2199
13 17 23571
4 20 12915
20 7 41836
2 4 22753
7 20 39151
11 4 44670
6 4 37312
12 13 39817
20 12 30640
11 17 29892
18 14 33329
18 11 17684
17 10 22092
15 12 26905
7 12 10791
3 5 6891
5 14 41442
8 20 35785
18 11 37562
2 6 45803
13 15 47855
20 8 22378
3 11 43820
11 18 942
17 1 32300
13 20 19957
11 13 30049
15 5 14919
11 2 41296
2 12 44502
6 2 46058
11 9 806
14 18 9670
17 4 47422
16 19 24301
10 3 32055
4 6 24890
11 16 19416
5 15 964
19 13 35093
17 15 11421
1 11 13369
2 8 49197
8 2 38235
9 12 27449
16 14 41872
10 14 33720
12 1 25765
20 11 44411
1 14 13343
19 3 46045
9 14 13576
1 3 45597
8 11 16088
4 14 12853
2 5 4401
1 19 21858
4 19 17015
6 3 18510
11 10 9219
11 16 35744
16 6 6535
16 2 11152
7 12 44460
4 15 16438
20 19 14101
18 6 45879
5 3 14916
1 8 35141
8 7 20729
3 4 41970
11 4 22279
14 2 27011
1 19 46001
15 8 37657
12 7 43432
5 20 8777
5 13 24109
15 17 45020
9 12 42371
4 8 34025
4 15 6009
2 13 36289
4 20 11020
20 17 19462
8 14 43900
9 5 19881
7 4 15275
17 10 48568
15 20 19685
12 10 9267
8 11 19590
8 14 25582
16 17 37875
16 12 16973
9 19 39071
8 18 19090
7 11 8112
13 4 22113
2 12 29231
2 14 5129
11 1 38960
15 13 5195
11 13 3560
18 20 18633
13 4 39082
14 3 48522
17 19 25592
1 17 24121
5 20 7130
5 16 40871
17 20 47081
19 9 29453
9 1 37663
1 10 36386
4 16 30660
19 20 18562
3 9 34055
1 2 18771
9 12 17545
10 16 22470
11 13 5924
6 20 48851
12 4 47847
10 11 41395
11 13 31065
5 2 39520
1 3 21662
6 15 5950
11 3 36261
14 9 35123
2 7 16469
4 3 16640
18 14 19365
19 17 6772
2 16 10837
10 9 17121
3 13 39617
8 7 32852
13 12 46524
17 6 29608
14 7 41554
13 6 14041
14 18 21734
16 20 42252
19 15 44161
19 10 19876
19 13 25634
3 17 43237
7 14 29465
5 13 4120
3 9 28860
3 6 5717
8 13 8749
1 11 11399
13 6 8929
1 4 2193
4 6 44273
2 10 46222
7 14 15770
12 18 45820
7 17 39817
15 17 49815
16 18 12967
18 20 25761
13 12 38232
15 4 14878
5 7 27834
11 8 45000
10 12 12145
5 12 32813
20 15 32408
4 1 14260
11 14 15892
2 6 15254
10 17 30554
2 19 27492
4 1 40769
8 7 5473
20 2 38205
12 13 8446
11 15 41963
17 18 25827
14 5 12572
20 16 18130
9 11 979
18 4 47839
9 10 44927
9 7 25200
16 10 23277
9 17 2820
5 18 42417
19 12 30684
19 1 19749
2 12 11019
18 7 18662
19 9 25064
16 7 41309
9 20 4120
4 18 29393
14 19 1854
16 12 48476
5 3 28033
20 12 34036
9 11 2611
15 11 6779
6 8 43280
16 8 12688
4 18 25767
15 4 18676
5 16 44157
20 5 2094
7 14 44925
8 15 21331
8 6 6911
3 6 46315
13 2 23586
12 7 14761
1 13 10404
11 6 14201
6 8 30485
9 1 45687
1 16 28200
3 9 17184
18 17 37803
10 19 39726
10 3 10596
6 20 38692
2 15 48515
3 7 21284
7 20 23802
11 5 2376
19 3 3132
17 1 8309
5 8 30509
12 18 6001
15 17 34000
6 14 14963
20 15 8822
7 17 11
3 14 14494
16 9 34572
19 2 14892
14 1 39958
13 4 39776
9 14 416
17 12 23348
10 13 24135
9 4 40880
7 15 25808
18 4 4422
8 15 1950
17 20 31939
11 4 2187
17 6 20525
3 4 29182
13 12 22203
16 17 33455
9 1 8032
11 16 16715
13 17 29938
10 6 42920
2 11 49909
10 20 32868
20 7 25000
1 16 42578
3 5 3981
2 6 10031
6 17 46995
6 3 23234
1 17 42835
18 2 8782
19 6 24993
1 12 16202
3 5 49636
16 13 7444
3 14 28442
2 20 19519
1 10 14956
3 5 3033
14 16 34329
5 16 37712
2 11 49905
12 17 46762
5 6 32123
14 4 48637
19 15 2189
4 20 24503
4 11 36220
13 18 9933
3 18 47860
14 11 44820
11 12 3016
19 3 46046
11 3 3009
4 20 40710
14 11 42952
6 3 1618
14 20 17917
5 10 17443
4 16 24330
18 3 40265
13 15 32527
8 16 49260
13 7 17423
10 7 45550
20 19 28891
4 7 32444
8 6 199
8 18 34032
17 2 31564
15 4 36833
3 12 32792
12 3 14734
14 11 22381
5 16 48888
11 2 11559
7 14 4041
20 17 17563
19 15 4527
7 13 27596
2 18 10342
19 15 6021
18 8 32452
3 13 22938
5 18 4406
8 4 44259
20 4 33698
2 6 31458
6 18 18413
5 7 11460
20 17 14741
12 7 42923
14 16 8050
2 10 17232
17 4 697
5 11 46239
12 20 15936
6 2 18388
18 9 15121
5 15 42776
4 10 16287
6 4 7258
13 2 35579
5 3 7032
1 7 28631
4 8 5649
5 18 29750
6 14 7864
17 1 15349
20 18 36815
6 10 33308
6 8 13615
16 9 48898
10 16 6030
7 9 34399
6 3 27519
14 20 16204
4 6 30560
2 15 29035
16 3 39437
20 16 44751
14 11 22493
9 4 32982
8 9 32707
19 7 8268
15 11 34471
19 18 24947
5 17 49664
18 19 41735
17 9 3013
14 1 26725
5 14 2074
3 20 14378
10 8 5632
14 16 38740
1 15 27598
5 12 34959
1 9 28019
2 18 6393
14 1 41357
1 15 3869
11 4 21650
15 6 39872
12 11 31218
11 15 16526
2 15 46393
15 11 42547
8 2 31566
10 12 4866
1 11 40776
10 15 23324
15 17 34415
15 4 46876
18 20 25628
3 15 40173
20 2 18184
18 11 33891
7 17 2013
16 19 17517
2 5 39228
19 1 11973
8 16 11582
7 15 12031
16 19 33420
13 4 42313
7 9 26594
7 9 32727
14 2 45297
13 2 9010
18 5 523
1 13 17816
1 13 7152
13 14 24678
18 7 12466
2 20 20850
8 20 2431
17 6 43582
8 20 13498
14 6 14830
3 9 32554
20 9 6228
5 12 24278
7 1 21273
2 11 30699
18 10 27295
8 13 60
18 11 38152
5 7 5021
16 20 4178
16 18 25665
1 19 5118
4 18 43755
9 8 24576
14 3 4158
17 3 10143
3 9 48441
6 11 17407
2 20 1621
3 18 7136
13 15 13236
11 12 34364
12 8 5452
11 10 39448
15 9 49224
9 12 10933
20 17 25346
3 4 22890
20 15 34887
8 13 2501
7 2 29366
5 17 34475
18 16 33696
7 5 26492
12 1 13757
20 18 28098
10 4 46023
6 20 43520
1 13 149
14 17 12877
14 18 45194
4 9 24375
7 4 36631
2 7 3726
10 6 25159
6 20 25422
15 1 45057
13 14 3854
16 2 39556
3 9 32746
13 11 1632
1 4 29548
20 11 28202
20 3 11580
17 10 13502
17 11 15582
1 3 32152
6 11 38455
18 14 48016
9 2 13967
14 19 43087
11 13 48027
20 11 23433
12 13 43302
8 20 45609
18 17 46203
19 4 44089
15 10 23597
4 3 28124
7 20 44156
15 3 1432
18 12 46580
15 8 4657
17 19 28348
14 5 258
1 18 2601
17 14 27534
16 11 36163
7 9 45109
8 14 37538
17 16 23225
7 9 16834
2 18 43572
17 15 25915
10 16 41860
19 15 38461
8 4 843
16 2 45712
1 13 8810
11 4 21546
19 15 30939
5 2 42841
11 19 41176
19 15 30688
3 9 29821
3 6 44735
1 7 37904
1 11 16976
3 5 47071
19 3 8116
16 18 38735
8 15 7581
11 17 13007
2 4 32273
16 19 41976
1 16 1987
18 6 40538
16 4 35496
17 4 25083
8 12 42600
6 12 26378
7 11 29596
17 2 28232
6 7 34380
11 5 21358
3 14 31474
1 4 35084
15 3 9858
4 2 4638
10 8 2787
12 15 11623
11 13 13155
7 20 24718
4 20 25914
13 20 46145
9 4 6430
6 8 33388
1 8 29198
20 9 10364
1 20 1448
2 9 47206
1 5 13573
17 11 19320
10 9 1630
13 15 24559
8 2 24563
17 10 19246
9 6 23709
14 8 48106
15 17 16336
11 4 13980
19 20 24060
6 4 3749
5 18 16738
12 3 499
18 5 34383
17 16 33134
11 13 671
11 14 5354
9 11 35874
3 12 49301
6 16 7622
5 15 45848
9 11 18786
9 19 32775
4 2 23873
5 16 46390
17 5 24999
8 16 43968
4 17 15944
17 18 42147
3 18 19943
17 4 28382
2 15 43789
5 16 40688
4 18 35566
14 17 29939
12 8 4191
1 13 3527
10 8 23415
18 6 32639
7 6 1358
6 8 43880
12 2 1960
2 6 26326
15 14 3065
4 10 25502
13 1 28054
10 13 42281
20 15 40041
17 10 37705
19 9 17487
7 3 16375
19 2 38028
16 8 29842
10 19 20936
6 2 37762
13 15 31220
15 4 15255
12 17 22305
4 15 15114
12 5 45709
20 6 24673
13 15 40216
10 14 27144
1 10 8306
5 10 9512
10 4 849
6 8 20761
1 10 22064
14 7 38586
1 6 44443
15 12 38664
14 4 48199
4 2 13992
18 10 798
10 13 570
1 12 31466
12 14 18097
11 5 1124
9 3 43821
17 6 18378
13 15 381
17 1 47042
19 16 41920
4 6 22782
19 3 35468
13 12 16462
16 18 12430
8 12 42287
1 17 4993
2 20 26412
5 11 33514
11 9 33986
1 18 17246
18 20 48200
3 4 36168
20 10 40138
10 20 4619
19 6 10816
18 16 7130
5 16 49967
13 17 161
19 20 20372
5 6 10781
18 19 13955
16 9 49622
9 6 1853
16 12 29011
1 3 10911
3 11 42302
1 16 18021
5 7 46606
9 18 20625
10 14 26545
17 5 27082
2 6 5639
4 8 6023
14 16 34852
4 19 17858
1 17 21090
2 20 28011
15 16 11529
12 8 2582
14 1 6169
16 17 18525
14 5 32488
16 20 42694
7 6 42232
19 10 1231
10 8 14633
15 5 37271
14 12 9389
5 19 14689
8 3 21159
17 16 8978
13 18 22030
11 1 43752
8 2 41440
1 5 45778
17 6 3012
5 16 32976
20 2 42650
20 13 21975
11 7 16743
3 2 33461
15 8 31294
18 2 20366
9 15 32333
9 6 39259
3 11 20720
11 18 33993
17 9 34009
11 14 10320
18 13 49695
14 11 12812
6 19 23208
14 15 34665
8 3 40815
10 20 29515
8 16 24449
8 14 21868
1 14 7671
4 17 46369
7 1 45323
18 20 25572
17 18 29342
19 16 28889
12 14 20108
1 13 4194
13 10 3014
9 4 6199
18 11 11989
7 4 31366
9 12 1767
4 19 2005
8 18 38123
7 12 46704
1 8 31465
12 6 8730
3 17 12189
11 6 29303
14 6 43398
16 13 44389
7 9 39718
3 4 38327
17 2 37080
5 3 36891
18 9 12312
4 5 7453
6 19 28073
8 18 31516
8 2 40783
18 5 29229
14 16 13902
20 4 10324
5 12 11459
20 4 3749
8 13 5134
9 2 8122
20 10 26731
2 17 43214
8 15 34399
10 16 12681
8 10 45476
9 7 27865
8 7 34039
8 3 9332
20 18 21147
8 1 22739
2 3 48503
6 10 38012
9 3 41844
14 1 19837
3 5 15971
2 8 4041
9 16 30206
8 15 48402
6 20 12160
18 11 31044
3 5 22904
20 5 44262
5 13 45028
5 7 4857
15 8 4949
9 5 34988
16 13 11137
18 6 6565
15 9 42234
4 11 23245
11 13 11305
6 20 26165
16 7 42680
11 1 30591
2 5 11350
8 3 711
5 4 27161
5 9 39928
2 1 18383
5 6 10070
4 16 46769
19 8 12870
15 2 29238
18 1 19790
13 3 26684
3 2 43153
8 10 16289
8 14 28833
2 4 43233
8 11 33986
11 20 15024
6 15 14218
19 14 48201
15 12 13358
20 6 41794
13 20 970
19 11 2499
10 18 17191
9 11 9427
13 15 10118
14 12 17442
12 8 15269
4 2 11923
18 19 26979
7 15 28164
4 11 7085
14 8 35233
10 8 23763
5 9 4136
11 19 28595
7 11 26135
16 9 4592
20 12 41570
2 17 20411
14 13 13012
9 1 41513
20 2 17070
12 15 23865
5 12 24645
12 8 4442
20 18 22496
7 12 48912
19 3 9454
19 4 47004
1 9 26874
18 1 49900
14 10 40144
19 7 25076
16 2 18777
11 16 2129
9 18 48163
2 8 24338
15 16 16631
8 17 23326
4 7 10016
11 3 33076
4 6 20013
10 1 12974
18 17 9224
14 7 953
17 3 23939
12 7 44295
10 3 27397
10 17 13645
16 6 3659
4 6 49405
7 16 15951
16 8 25964
13 12 19785
8 17 15278
12 11 684
1 20 24791
3 12 6837
3 1 1270
15 19 41067
18 20 18851
20 19 6644
9 17 46502
7 9 17721
2 10 15712
8 5 18477
17 19 48257
17 3 25640
20 2 10488
7 1 1607
12 17 24899
7 11 11634
2 11 14385
19 8 34595
7 18 37090
16 8 42969
1 5 43541
9 11 41884
4 12 31624
17 15 5813
10 13 20163
2 16 28236
12 5 3071
7 14 31129
7 14 32200
4 7 26689
2 10 18420
2 16 31924
19 13 30269
2 10 6502
4 14 17421
14 3 27
11 17 26433
7 13 48965
3 7 2091
20
1 20 3
2 15 76
3 13 33
4 15 70
5 4 48
6 8 96
7 5 94
8 7 95
9 5 59
10 2 67
11 11 43
12 13 55
13 10 46
14 8 73
15 1 97
16 18 47
17 1 7
18 1 44
19 2 15
20 16 18
103
13 12 26869
16 18 17799
13 18 45767
7 13 30505
1 20 19616
16 6 29282
4 9 12565
19 6 40505
16 7 41587
1 4 12909
11 20 15421
18 20 33019
18 18 12031
2 12 21072
9 3 41600
13 17 22750
17 5 23649
8 14 42015
11 17 25801
17 11 36073
16 3 14787
15 7 20130
4 8 41588
12 20 37586
20 20 4572
10 4 15654
17 2 35299
9 18 24227
2 9 11995
8 19 22932
11 11 41331
4 18 5130
8 4 9540
15 14 9147
10 12 2872
16 17 19480
7 5 28877
15 5 46386
8 6 19250
1 7 34309
14 13 23528
11 3 32186
12 10 855
9 1 4597
20 14 23299
6 9 35620
8 5 43134
10 11 6095
7 12 46412
10 19 23400
18 6 23424
16 16 35221
17 16 25086
9 13 23568
5 5 41787
11 14 39326
19 4 36704
17 13 5064
17 8 32366
4 20 49244
12 1 37250
17 4 45780
8 9 37178
1 19 27993
2 18 29077
6 5 31780
10 16 35466
14 16 20541
10 8 40702
6 14 46707
16 20 11506
7 14 13038
10 3 47121
15 3 43847
20 17 47129
18 17 22300
14 4 42537
4 16 24516
20 2 34494
13 5 22516
1 10 46938
4 6 20743
3 19 44244
3 6 39335
13 4 44680
4 15 47387
13 14 22278
10 15 31068
9 19 37151
13 15 47433
9 2 16191
2 5 32195
8 15 20332
18 3 16297
2 13 43183
14 17 15237
11 16 30071
12 14 10547
6 1 44598
6 7 43871
5 2 17333
2 2 7502
16 2 6662
