20 20 16
16808 25250 74 43659 8931 11273 27545 879 27924 37710 14441 38166 34493 43043 7988 22504 32328 31730 28841 42613
44304 33170 17710 47158 29561 20934 43100 30279 1817 45336 49098 7827 13513 29268 23811 27634 30980 29150 36580 8822
11968 10673 1394 19337 25486 41746 25229 44092 40195 36358 35002 21154 16709 7945 15669 21491 38125 2197 9531 10904
27723 4667 28550 18025 47802 6854 40978 47409 8229 24934 10299 38982 28636 8014 23866 39815 39064 4537 39426 1670
24116 20095 25630 46502 46518 34196 30106 10405 19452 44299 32189 21124 49506 46883 6753 31567 36717 30338 4439 3145
1502 44898 33872 5829 11138 19359 3178 32398 22295 27905 21610 46232 9746 44176 3636 16299 48143 30400 27969 40413
261 23558 41595 38009 16396 25969 19114 4531 21007 10963 47943 35366 42083 29853 30768 33822 35696 24713 23672 9902
48591 24832 14739 3058 31617 19791 5641 10680 37336 27007 47973 36099 49096 25320 33455 45224 12290 6761 48906 36127
36124 29507 45814 26771 35239 29095 46221 37845 12367 40535 25227 15395 41364 18739 7845 9591 36551 45160 8624 14948
47386 7218 45273 5540 49248 42386 13497 44886 40624 32421 28145 31969 35736 49916 11626 13535 46043 46012 4680 24153
25245 27296 28819 40397 37693 1816 12992 40034 22670 19398 39554 10548 25826 21211 29663 30212 33809 23378 22762 626
37336 1869 27996 2777 12768 47440 29875 39332 40557 6302 18873 561 20095 18985 13756 39790 1408 28016 30194 22770
15681 3456 16856 17507 20964 33503 36677 13109 13250 2332 27845 37639 10809 39998 28652 4850 45204 45732 46532 48015
45420 36776 42010 30181 37930 45224 44055 38261 26738 41546 47318 37526 4201 34257 21565 10598 6649 37705 25551 25151
41977 1413 38555 32798 2505 48382 34749 7066 9379 47700 28210 25130 28554 15484 448 14608 30774 45323 14306 5177
20054 27225 34631 30367 5401 10445 45371 20286 33017 43899 8156 41134 15558 46577 3179 8267 37358 21712 27879 20615
24820 45738 33134 20592 23721 48763 6634 26198 26032 38589 10590 4874 48878 37305 29359 11201 27255 18961 14916 43948
45481 7731 19956 24547 37108 41239 40001 34927 45036 24858 11114 115 29594 1361 48355 18419 25358 42586 13730 21016
26564 6103 10918 36644 19420 12968 47748 45270 5396 23304 4474 19104 11749 24386 5659 13460 45407 23931 39825 35133
974 9604 46898 7921 3951 35232 38481 20204 13901 24521 12534 31259 17004 18677 20951 23935 8781 29880 41833 32575
1 2 33550
2 3 24543
3 4 6250
4 5 2772
6 7 16311
7 8 15880
8 9 984
9 10 19971
11 12 42041
12 13 32724
13 14 23651
14 15 2972
16 17 3230
17 18 40319
18 19 17747
19 20 10300
20
1 11 22
2 17 25
3 5 59
4 17 72
5 5 61
6 19 52
7 1 4
8 12 2
9 6 81
10 19 75
11 10 14
12 1 26
13 13 84
14 9 18
15 9 51
16 5 96
17 18 12
18 11 67
19 11 94
20 14 66
400
1 3 1404
13 8 6142
11 1 42800
8 12 7788
15 6 16642
18 9 1843
16 15 31446
14 1 39912
20 15 41306
10 14 4190
7 17 9305
1 19 5593
1 17 1581
8 13 26940
19 2 10812
17 12 48672
9 12 1662
6 1 20241
19 14 19628
11 12 35564
15 14 1728
8 16 19532
3 17 35007
16 5 42602
18 2 17104
5 9 44937
2 16 43711
17 6 25974
2 1 20792
10 6 15828
17 9 7126
5 8 39950
17 7 21577
7 8 10521
5 12 25211
19 12 18745
19 19 21935
6 8 8690
19 15 11826
19 9 33030
15 8 1241
15 1 8397
16 4 48049
6 12 15253
5 17 17238
16 6 32711
16 13 24711
8 18 1300
14 20 17130
5 20 3502
6 10 24959
10 11 35218
7 19 9544
19 17 3322
20 17 41248
9 20 25988
16 16 33913
5 10 33785
20 16 17046
17 2 15826
20 12 22904
20 5 9504
20 6 7392
8 5 14366
2 15 27107
11 4 30833
13 2 11655
18 18 3901
8 3 39880
18 17 14049
3 10 49040
9 4 2658
2 13 11467
2 18 6997
16 11 21495
16 2 29313
14 8 42233
19 13 44857
20 7 41836
2 4 22753
7 20 39151
4 12 22432
13 17 38700
12 20 1371
18 14 33329
18 11 17684
17 10 22092
15 12 26905
7 12 10791
3 5 6891
5 14 41442
8 20 35785
2 2 24166
3 13 17333
15 20 9848
18 3 29011
20 11 13378
2 17 26721
20 13 34760
17 11 36153
9 15 9045
19 11 102
12 2 28246
11 9 806
14 18 9670
17 4 47422
16 19 24301
10 3 32055
4 4 24890
11 16 19416
5 15 964
1 11 13369
2 8 49197
8 2 38235
9 16 17254
12 10 12294
1 5 31080
11 11 38081
14 3 48139
9 14 13576
1 1 45597
8 11 16088
4 14 12853
2 5 4401
18 4 9499
11 10 9219
4 16 36386
15 16 27322
12 7 25252
20 4 16715
18 20 7699
1 18 44286
19 5 20343
16 1 13068
1 8 43567
9 3 16364
4 19 17314
2 11 34841
19 1 7395
8 17 16552
17 5 24253
4 15 6009
20 20 5380
8 14 43900
9 5 19881
7 4 15275
8 15 47940
10 7 47468
17 15 45436
12 13 33029
13 4 22113
2 12 29231
2 14 5129
13 15 3331
13 20 8778
3 2 47957
20 10 27145
17 20 47081
13 9 2801
3 1 29150
6 4 24516
20 19 45960
2 3 28049
16 10 22711
6 20 48851
12 4 47847
15 11 26393
5 5 9362
20 1 31563
2 6 29435
14 9 35123
2 7 16469
4 3 16640
5 19 11957
16 17 18490
9 1 24903
8 7 32852
13 12 46524
7 14 41413
14 16 38140
12 19 42695
10 16 4599
13 14 14563
17 17 40647
14 5 27485
3 9 28860
3 6 5717
11 19 11293
6 9 12301
4 13 23564
2 10 46222
10 12 45358
15 15 49815
16 18 12967
1 13 30192
12 15 12464
18 5 44785
14 11 9528
10 5 5365
8 4 17601
14 12 29322
6 14 13930
17 14 30662
4 1 40769
6 11 49475
18 7 8414
10 9 9849
19 18 17724
9 7 25200
5 18 42417
1 9 39962
2 19 12229
7 9 28969
4 18 29393
14 19 1854
16 12 48476
5 3 28033
16 9 2469
11 15 17271
19 6 19046
8 8 25364
15 4 18676
5 16 44157
14 7 20634
8 6 6911
15 13 26242
7 1 17961
11 6 14201
1 7 30101
16 20 11103
15 3 25707
4 7 16420
19 3 3132
17 1 8309
18 1 28315
3 20 13755
3 14 14494
18 13 8744
8 10 4833
15 9 45144
15 10 19417
6 5 47923
4 2 23013
12 3 35496
12 11 32096
17 18 22010
9 10 49440
1 16 42578
3 3 3981
6 3 23234
15 18 48882
6 13 24161
1 10 14956
11 5 42552
5 6 32123
14 4 48637
20 3 20344
11 20 48213
3 18 47860
12 16 34979
11 3 3009
4 20 40710
12 6 3503
3 4 41516
10 18 13383
5 13 5155
13 7 17423
10 20 29199
19 8 20818
12 17 17462
3 12 32792
14 14 28031
16 8 37111
1 20 21937
3 19 49755
7 7 29713
18 6 908
6 18 25606
4 17 37445
4 10 16287
12 1 34687
8 9 3845
18 10 20126
18 15 2706
10 8 44906
11 14 38851
20 18 48270
9 19 37402
10 15 26426
12 12 35651
11 7 6188
18 8 5223
13 16 31939
7 15 12031
14 2 45297
7 6 26262
11 17 37826
14 6 14830
9 8 37425
12 18 26407
5 1 45119
16 14 38123
1 6 21171
7 2 38720
18 16 31753
15 7 37108
13 1 34947
7 5 26492
10 4 46023
14 17 12877
11 2 19187
6 19 43186
20 2 33115
1 4 29548
2 20 48583
10 2 7657
7 11 13053
11 13 21952
9 18 47037
4 9 32575
10 17 15124
18 12 46580
17 8 6814
3 7 3807
17 16 23225
13 10 35691
4 6 48439
15 19 22765
6 15 49221
16 3 42343
3 16 14736
19 16 10621
16 7 18198
6 7 34380
3 11 19631
14 13 40640
6 6 33388
9 6 40321
13 13 24559
19 20 24060
13 11 24271
9 9 35874
7 3 49758
17 19 21852
7 10 8708
5 4 45430
1 14 14330
3 15 17699
6 2 37762
12 5 45709
10 13 570
1 12 31466
12 14 18097
3 8 6153
5 11 33514
4 8 38420
6 16 13838
7 13 44497
2 9 21946
12 8 2582
20 14 4807
19 10 1231
13 18 22030
1 15 29448
9 11 934
14 15 34665
8 1 6293
11 18 20629
15 2 49666
4 11 23245
13 3 26684
18 19 19794
12 9 20901
19 4 47004
14 10 40144
19 7 25076
11 8 37857
7 16 32851
17 3 23939
5 7 32956
7 18 9900
9 17 46502
1 2 29250
9 2 14890
17 13 42307
13 5 20903
8 19 22932
10 1 21987
20 8 28105
10 10 44739
5 2 9964
15 5 869
4 5 33908
6 17 40365
20 9 42586
10 19 7115
13 19 32688
15 17 40243
9 13 21502
13 6 32859
