1000
201
427
264
122
500
188
242
277
455
281
270
337
380
400
144
436
364
171
289
386
239
394
292
241
196
205
402
180
363
232
101
370
413
348
484
427
469
254
251
133
376
172
325
394
191
456
178
430
101
329
356
385
131
287
104
113
474
268
371
309
115
134
210
414
230
343
318
441
435
500
297
124
247
497
143
350
375
311
205
338
409
309
418
146
104
268
499
240
320
497
138
248
191
246
145
205
221
117
244
225
347
440
294
413
187
226
176
107
421
113
208
115
489
303
357
252
291
361
173
438
204
370
199
378
397
317
380
136
170
401
229
264
467
363
441
213
233
147
431
152
416
213
299
288
463
315
139
353
201
259
474
392
394
463
456
250
399
118
218
277
147
254
234
377
216
141
424
230
256
382
192
470
205
436
500
497
465
271
176
413
430
199
296
489
265
216
389
387
256
427
130
161
257
294
455
235
293
170
136
478
220
430
191
183
185
275
225
231
370
435
186
195
147
494
440
428
249
102
490
353
238
392
338
365
482
450
207
235
250
268
311
403
236
135
122
196
467
437
393
181
485
274
216
197
361
262
347
292
390
461
118
190
205
446
319
404
232
368
456
118
419
245
453
311
354
138
419
224
147
365
191
199
149
212
341
378
111
243
458
254
304
407
322
489
309
192
135
106
304
183
259
349
133
323
403
183
305
244
181
160
165
351
350
459
143
135
315
351
224
314
305
101
263
111
346
286
216
164
211
373
185
252
109
422
268
216
437
120
157
320
151
480
192
347
448
171
390
265
291
309
375
446
282
246
334
333
174
360
267
381
175
455
260
359
445
201
430
149
171
372
310
380
357
237
446
277
320
427
333
443
453
342
485
218
388
214
468
171
301
290
220
406
222
154
219
232
353
346
364
260
355
226
468
132
363
332
241
214
263
495
464
460
123
272
244
341
298
381
292
247
155
204
303
315
202
112
105
246
186
300
304
375
379
244
182
318
473
144
335
147
243
481
419
249
421
138
138
202
109
494
107
187
124
346
168
140
243
204
391
174
347
396
330
137
330
216
481
332
417
463
255
303
106
354
420
171
291
211
443
226
447
128
437
213
117
154
126
226
477
377
318
307
233
373
242
302
331
241
180
476
317
134
395
470
338
441
244
326
364
359
434
452
135
253
166
145
132
119
267
162
259
112
259
114
308
407
359
240
334
216
335
337
313
320
234
151
492
171
383
361
347
255
168
366
141
195
182
368
406
280
211
477
307
366
320
402
452
147
223
218
133
326
394
497
313
208
202
244
170
281
374
237
349
500
352
243
131
103
390
300
390
305
256
275
481
471
212
370
334
256
102
263
166
205
441
482
225
351
476
169
348
422
291
484
443
159
363
457
457
416
459
451
251
190
269
198
481
224
279
439
488
360
390
341
137
148
369
217
175
293
222
300
401
142
213
321
307
182
276
336
175
157
332
202
420
352
490
261
463
244
326
394
193
324
465
487
101
462
203
449
408
496
152
375
500
125
493
481
403
330
240
478
300
239
367
110
123
271
299
157
198
221
374
110
405
272
475
499
378
191
485
110
461
305
221
181
450
500
357
250
372
420
397
164
435
168
243
215
442
470
397
271
417
321
166
298
292
216
125
267
314
450
228
189
315
423
484
219
230
384
295
417
245
139
241
220
132
105
169
402
335
476
350
204
246
105
294
102
408
233
498
236
338
357
402
195
480
449
260
130
193
155
467
122
258
137
229
132
436
137
490
153
293
152
398
228
354
402
159
292
166
155
242
319
300
458
420
231
294
460
348
218
151
403
278
467
288
353
488
232
199
251
239
436
211
162
180
122
264
192
265
487
444
107
450
125
450
366
473
247
272
356
200
102
152
273
289
234
191
191
300
420
483
248
113
227
216
258
328
385
294
336
351
302
217
281
101
300
236
177
349
184
461
483
142
136
491
208
354
203
135
352
137
132
466
394
263
448
465
471
494
198
331
340
218
287
475
202
464
155
259
114
413
256
371
383
361
457
284
155
279
323
360
284
442
417
406
409
401
460
351
234
325
206
348
153
162
287
270
226
433
133
492
196
392
434
261
124
377
225
441
144
189
388
216
474
395
450
430
345
113
451
259
412
108
227
494
498
170
264
218
225
144
412
141
485
399
266
100
436
348
339
156
448
262
247
148
288
128
353
256
421
303
158
125
291
332
423
183
346
401
170
257
318
267
321
127
293
481
319
341
232
169
440
426
198
191
234
371
294
115
222
153
271
434
466
163
360
271
402
298
185
189
114
485
128
339
472
495
357
