1000
237
372
319
384
318
402
239
224
123
283
81
218
112
380
91
154
119
184
212
140
454
176
318
95
286
417
284
319
263
425
47
196
379
202
145
476
154
192
439
320
66
421
410
156
122
398
304
460
446
46
35
9
206
216
450
56
127
405
67
445
467
156
197
176
58
209
313
383
460
44
82
318
496
484
488
17
390
182
222
151
491
94
367
335
233
369
469
196
86
248
62
381
14
150
417
68
37
69
38
113
43
229
497
184
486
93
427
47
95
280
462
439
331
393
242
119
423
396
100
348
396
71
338
174
353
227
193
178
223
489
441
352
38
355
343
281
186
223
251
152
443
499
249
43
80
267
462
403
145
486
234
55
148
189
7
332
434
329
173
125
185
454
310
47
107
403
492
471
301
224
184
346
189
241
121
442
217
217
212
47
479
356
144
380
145
94
196
365
346
376
409
185
40
364
454
172
365
458
163
381
130
471
491
305
210
280
314
402
360
483
397
227
23
408
488
397
102
157
304
449
423
196
375
436
120
37
389
324
105
401
237
324
173
22
411
208
189
42
92
422
495
444
62
38
99
120
5
74
255
126
224
436
9
20
61
152
40
122
282
356
169
489
324
247
430
459
118
83
21
85
3
354
280
150
408
118
359
403
425
300
46
62
410
413
337
75
42
63
183
110
222
349
161
13
87
301
54
60
201
363
411
45
440
111
99
351
330
280
443
479
140
92
341
167
216
120
457
378
311
118
270
217
366
28
458
462
388
301
233
416
358
202
233
412
313
147
423
158
371
195
311
214
105
135
58
173
7
353
15
71
25
427
272
251
361
139
201
241
85
297
343
195
196
474
172
342
262
169
386
476
166
435
264
419
438
305
235
425
341
326
211
197
135
255
131
369
43
304
5
330
183
49
244
199
465
422
377
156
2
325
230
222
56
80
8
377
109
333
145
359
447
348
56
4
28
2
90
496
430
470
377
242
371
341
158
475
423
18
105
276
99
101
262
215
484
341
65
437
221
275
98
133
72
185
141
496
460
67
444
286
414
336
99
175
425
144
317
460
272
110
201
7
65
171
8
104
381
395
137
487
495
121
57
418
223
413
261
154
5
58
70
159
95
366
369
14
339
452
212
325
93
80
435
263
9
444
210
417
5
95
83
317
229
426
121
428
137
500
422
148
82
115
174
422
58
416
51
98
319
352
176
7
340
275
370
386
295
132
171
266
296
267
250
406
483
165
271
115
191
339
294
312
288
61
260
346
439
201
255
56
136
93
109
113
188
369
327
136
168
382
276
267
194
264
44
226
45
24
392
172
338
130
5
88
280
189
470
466
349
252
407
462
453
171
318
182
134
390
29
63
197
52
170
472
468
30
448
189
268
286
490
58
207
155
310
273
123
486
353
281
39
37
347
286
32
336
419
227
75
464
182
299
77
24
1
175
92
230
340
17
219
364
353
332
315
476
84
227
435
282
61
285
382
126
421
178
60
361
456
25
145
211
258
490
291
37
407
196
160
71
299
31
51
306
65
486
415
316
13
339
242
427
278
330
41
290
347
301
210
377
170
227
496
134
230
132
381
310
189
226
247
122
353
255
13
203
72
286
486
150
486
386
279
215
79
361
86
223
165
97
14
429
217
29
438
315
309
493
451
228
204
428
401
388
151
215
198
378
389
9
142
115
220
137
152
185
265
7
467
62
380
33
125
324
184
105
20
152
106
326
29
184
365
453
197
24
20
34
259
81
387
416
329
401
269
316
291
440
200
471
12
246
29
20
195
195
354
83
368
352
358
490
481
182
394
189
404
39
56
236
294
372
483
23
222
337
3
391
53
73
233
197
464
290
152
498
211
168
237
468
149
340
418
160
101
61
398
435
204
260
466
475
185
390
73
248
383
128
68
314
480
478
167
485
468
303
89
364
36
144
180
407
458
315
413
465
327
36
500
424
393
418
201
197
484
171
229
390
272
110
194
272
23
183
146
247
380
120
447
415
105
434
446
377
161
142
427
194
172
2
227
294
373
281
45
456
339
256
242
318
96
450
272
453
213
149
264
477
490
357
233
253
409
302
79
239
476
117
72
38
97
230
264
495
23
361
482
329
269
422
375
353
279
294
324
18
452
376
286
179
449
482
325
80
480
227
190
190
178
153
473
465
10
456
217
120
141
417
40
477
266
200
435
2
395
403
252
273
176
8
242
55
450
499
261
44
113
374
145
302
229
405
371
76
29
250
125
141
17
314
389
205
411
360
490
388
42
27
205
64
279
440
27
104
473
214
463
150
295
160
