10000
10
157
15
308
285
150
318
456
176
314
36
165
500
464
40
334
105
202
10
122
435
61
451
361
4
391
477
427
450
368
362
16
409
260
313
178
452
290
368
257
76
160
227
44
474
213
417
439
283
361
183
478
209
324
31
441
400
184
22
326
258
100
216
461
488
466
241
266
59
420
86
326
280
324
79
417
415
57
176
494
290
270
360
477
162
109
495
151
386
145
94
67
323
332
453
411
447
5
243
488
117
391
408
33
41
32
381
391
483
342
49
58
356
434
16
33
84
386
389
257
311
25
221
474
493
392
156
366
182
199
311
175
71
316
349
454
236
111
289
492
203
362
378
74
216
235
393
338
68
331
236
154
83
30
423
22
335
219
353
415
398
272
152
353
205
359
140
274
134
379
349
316
230
388
283
405
62
489
160
271
344
14
266
100
431
198
475
469
431
42
244
442
441
123
25
211
376
379
398
52
248
126
244
463
339
53
162
362
183
5
211
196
202
203
413
48
63
242
37
164
443
440
60
79
289
176
121
485
378
162
54
339
163
376
410
174
427
157
317
190
140
484
420
299
462
58
229
103
61
380
484
96
116
429
293
346
135
207
444
21
481
451
1
453
157
444
197
407
9
414
68
85
280
483
234
388
430
2
249
226
470
68
263
302
71
384
443
33
63
485
431
451
48
492
291
172
361
194
425
316
309
216
44
449
104
34
90
278
273
68
33
424
27
441
290
59
291
55
248
300
71
315
343
91
352
162
235
300
212
72
393
456
24
26
490
36
195
119
194
123
466
17
101
193
130
369
489
298
198
290
78
17
193
130
454
49
440
375
9
112
69
243
63
364
224
429
90
425
311
222
421
423
485
399
367
422
210
118
163
57
97
298
196
67
434
443
361
388
8
43
340
230
109
192
165
218
293
407
298
27
185
89
104
258
5
232
167
97
172
472
289
183
144
174
384
445
213
179
193
244
75
393
240
49
190
258
211
9
139
178
195
240
261
379
97
258
175
60
175
55
428
34
272
182
129
178
218
313
150
186
154
280
478
242
320
287
327
164
30
287
279
338
388
191
159
17
212
194
129
85
474
112
170
28
15
441
374
127
396
119
64
98
103
90
306
152
159
183
85
101
416
257
137
48
335
25
422
72
66
84
336
82
467
433
277
322
229
433
309
219
95
384
233
394
107
95
330
204
443
259
159
286
367
407
263
63
46
490
97
301
477
202
284
125
15
295
347
300
80
470
120
278
304
120
65
468
135
128
147
396
275
107
472
151
266
137
384
23
142
400
406
160
134
249
234
9
370
309
352
39
118
192
353
301
251
453
318
208
110
441
220
296
28
211
370
144
32
422
128
37
269
417
432
295
269
447
34
360
415
357
169
289
302
130
270
65
435
495
213
366
262
285
297
417
21
486
57
75
327
348
283
74
2
381
57
148
134
211
92
349
383
400
261
490
73
115
119
340
417
290
131
423
337
98
361
12
423
94
117
381
383
348
136
73
23
110
263
170
341
104
342
241
86
187
412
181
285
318
84
171
236
113
355
264
110
171
295
252
213
57
155
327
255
286
108
96
367
279
457
70
168
364
83
317
349
476
402
362
316
414
439
52
396
50
212
451
146
292
257
185
183
118
207
59
262
480
50
7
333
57
496
348
171
197
222
174
20
202
122
420
458
309
427
225
141
13
385
90
148
25
47
26
475
266
151
97
305
394
69
33
212
46
453
119
279
278
133
32
39
147
495
364
372
103
404
69
114
111
396
82
425
72
358
184
299
237
446
65
357
61
38
100
269
99
244
459
479
358
2
37
418
438
282
23
368
292
336
417
412
235
255
85
299
228
74
467
311
199
408
433
269
97
326
429
420
119
347
407
314
219
263
422
360
414
365
139
28
377
216
496
453
405
236
409
361
194
452
68
215
223
58
96
56
377
278
412
421
86
385
450
499
27
443
211
311
163
252
87
20
86
91
355
404
51
219
349
81
165
148
454
9
253
320
351
157
338
393
367
338
395
485
360
316
159
270
262
211
95
412
399
320
49
33
295
321
416
93
476
316
411
190
175
108
441
456
395
171
302
430
323
149
268
24
373
91
405
211
5
373
492
362
337
309
336
219
296
500
314
80
450
148
379
265
330
211
215
459
206
42
358
425
494
148
453
128
179
362
449
65
383
9
191
126
144
274
482
431
278
307
425
434
272
78
261
368
422
122
162
30
253
68
472
398
199
29
155
158
234
269
75
9
156
385
243
470
374
270
458
222
347
99
240
386
494
405
27
372
53
315
483
326
237
383
49
393
264
68
161
125
420
138
387
73
266
62
210
427
294
437
395
408
434
240
47
460
437
302
323
379
399
496
25
153
224
322
50
46
384
305
410
425
436
301
321
441
196
170
202
59
151
59
287
214
256
89
438
225
173
364
380
184
363
425
133
456
109
16
209
372
152
227
192
355
294
139
9
344
446
37
229
427
8
104
209
208
222
101
266
350
55
124
240
427
48
384
12
403
236
143
391
144
498
134
250
438
192
98
197
445
366
278
96
414
328
199
273
321
161
438
241
177
401
414
336
146
232
181
352
272
116
343
54
2
440
75
318
82
250
371
334
460
145
480
333
350
292
160
27
193
171
133
31
204
485
202
136
352
35
259
178
493
451
396
445
48
87
99
189
444
483
315
436
468
306
288
181
172
239
500
470
161
324
296
78
171
449
421
77
223
216
445
407
79
480
122
343
493
69
484
382
247
293
21
381
343
370
129
29
473
415
486
350
231
382
428
437
184
415
349
420
409
147
321
322
23
103
146
374
406
475
440
67
362
419
55
399
160
307
485
239
53
327
388
326
417
64
234
284
426
250
467
350
72
498
222
42
49
415
12
364
201
321
97
189
318
54
373
30
273
488
162
13
452
127
156
66
276
441
395
31
28
486
435
393
354
273
144
56
399
198
55
83
397
410
205
252
461
492
3
70
455
20
466
340
459
178
474
268
366
305
222
81
146
395
239
94
411
454
298
169
183
334
25
180
459
312
277
345
462
383
398
267
183
292
174
346
112
382
146
207
309
71
64
448
88
263
494
216
46
244
206
76
351
157
304
184
305
383
473
430
81
287
42
249
490
464
489
341
428
491
395
461
184
189
286
497
374
373
346
420
239
281
172
35
5
10
106
467
139
97
472
250
17
446
499
474
225
425
291
244
421
126
187
28
239
360
307
324
108
474
345
278
479
182
115
423
374
268
451
143
258
419
284
71
412
292
412
255
380
141
366
197
254
168
43
167
326
98
297
107
19
275
354
338
482
105
56
429
498
389
17
363
205
324
109
147
103
48
55
374
374
201
78
219
278
168
148
460
425
385
390
499
222
319
31
247
466
281
247
199
108
443
434
143
7
154
470
477
192
381
265
189
433
69
183
337
19
385
224
404
405
337
56
70
226
132
19
308
326
85
128
20
456
454
144
198
24
339
203
440
227
239
396
244
482
185
112
207
388
270
105
146
238
266
495
331
500
488
46
193
35
99
318
482
438
45
408
298
411
9
413
308
422
475
365
79
224
321
350
29
351
333
65
459
235
41
497
329
20
463
171
358
499
34
443
42
90
247
342
37
360
362
72
201
42
158
395
494
312
223
267
207
471
478
205
226
211
459
226
46
385
338
383
398
465
221
3
361
210
285
74
216
385
107
178
409
441
31
346
164
458
481
233
356
204
128
297
489
476
391
234
325
39
215
334
205
372
136
398
62
332
204
219
413
179
360
416
95
480
70
169
78
234
17
154
271
125
453
424
215
417
87
153
217
258
167
20
51
312
313
163
400
404
135
155
239
353
238
169
284
119
36
346
398
217
357
451
357
428
47
477
57
191
139
423
24
218
476
482
81
367
211
26
120
20
153
18
499
318
33
456
245
467
234
3
403
175
296
50
172
258
103
370
327
69
157
476
5
136
453
352
477
248
193
312
31
360
346
186
448
38
421
90
257
59
269
414
205
28
48
467
393
180
115
228
289
263
23
455
4
451
5
164
359
355
312
140
308
69
470
460
329
99
118
377
440
420
356
268
477
266
226
52
128
6
83
421
187
250
73
495
346
485
267
292
256
121
33
461
17
196
299
134
40
290
338
95
462
8
56
298
394
456
45
218
390
458
419
449
283
55
177
356
251
218
152
316
385
419
293
444
357
158
212
203
408
89
256
162
437
232
89
231
498
340
58
369
454
157
307
438
430
116
80
262
386
38
461
155
398
389
194
496
101
76
79
175
198
152
416
82
10
399
20
85
51
264
351
366
114
236
32
337
18
211
445
47
444
71
378
134
128
237
387
433
131
499
444
460
344
329
217
82
169
242
427
385
29
389
380
89
329
75
371
498
80
354
382
95
418
459
362
451
287
13
211
213
101
388
10
45
277
196
340
329
302
112
489
356
256
96
169
384
87
98
468
279
144
70
141
173
132
399
155
392
269
186
30
326
131
9
288
75
417
437
88
73
147
129
443
490
25
204
15
321
97
63
58
67
322
317
383
222
456
448
131
347
301
487
265
199
186
403
295
487
107
101
454
119
469
59
437
310
144
210
92
409
469
109
479
119
247
131
425
444
473
127
61
22
230
355
53
175
491
419
249
416
162
315
224
84
454
254
431
83
257
311
361
38
186
19
187
140
467
338
420
251
19
270
24
156
430
257
348
144
36
354
12
335
309
364
243
52
239
335
416
263
431
229
402
256
309
91
472
410
246
241
388
138
201
467
60
251
350
81
79
346
21
412
163
284
407
166
437
427
415
165
354
312
157
75
134
500
356
175
206
336
402
335
103
30
345
112
175
469
292
87
459
444
227
126
73
384
192
323
411
339
255
420
253
485
484
336
397
23
288
448
494
494
182
138
195
292
320
22
164
251
143
145
453
420
486
264
105
110
17
236
54
365
486
103
418
74
101
208
59
62
466
117
247
38
261
91
497
122
373
306
434
95
139
104
418
464
274
287
88
71
405
445
462
288
320
368
472
248
150
373
352
329
67
280
364
176
426
40
141
379
471
479
73
219
449
251
344
420
198
484
240
75
412
229
335
477
23
459
22
364
51
484
24
169
469
272
431
370
145
231
92
343
267
100
494
140
407
268
28
228
183
494
75
34
94
251
417
151
346
123
467
395
194
439
462
396
354
358
388
287
39
89
339
355
434
37
14
176
281
323
399
385
164
45
190
159
297
245
212
25
126
474
127
404
101
245
224
197
57
120
372
271
124
37
109
20
71
131
290
133
56
297
382
167
261
103
38
101
253
45
279
45
308
463
180
246
53
316
393
467
226
482
252
377
268
121
447
54
228
225
51
409
280
309
272
242
397
62
205
19
315
402
396
459
351
303
303
485
422
425
268
42
245
334
258
292
89
478
295
129
223
2
131
403
379
179
271
414
387
278
86
126
279
404
218
43
241
133
309
455
497
373
78
86
497
110
428
250
222
325
22
2
28
383
304
88
429
169
368
368
51
11
65
25
235
159
53
302
361
487
129
284
289
93
318
437
192
296
221
118
91
107
278
147
404
276
108
441
14
69
26
239
383
85
432
486
455
428
34
87
11
158
28
479
167
204
391
440
261
290
258
392
451
481
125
323
432
383
279
121
308
10
17
458
170
347
358
257
325
461
18
301
480
385
243
61
256
47
11
100
134
65
90
46
65
434
193
178
455
49
209
27
4
434
200
422
7
317
327
181
350
300
487
216
375
62
22
115
266
385
140
413
293
102
56
184
187
24
250
187
42
54
218
12
362
358
456
195
259
23
419
194
236
398
296
244
166
376
94
263
321
199
17
202
371
239
395
44
454
259
363
343
456
169
27
283
150
340
275
222
418
356
31
295
464
390
489
146
471
222
15
246
187
422
489
432
8
412
163
235
443
9
325
140
83
232
177
159
16
483
99
158
182
154
163
330
390
95
464
50
18
34
9
142
141
264
238
411
431
77
394
41
440
404
17
429
419
479
20
282
495
359
470
293
132
145
436
478
393
73
476
217
343
7
316
451
104
282
239
49
498
275
183
169
25
229
447
361
26
485
24
123
225
169
373
360
148
402
85
433
21
345
374
20
241
72
24
239
310
189
436
168
390
447
5
410
56
43
500
260
77
71
237
374
307
361
250
465
7
190
289
205
43
52
484
164
317
292
478
131
196
128
257
64
493
296
91
218
123
496
109
145
311
229
183
31
465
123
28
106
245
435
327
423
84
290
365
380
314
433
276
307
97
379
498
250
162
39
55
18
61
375
262
304
51
233
26
255
431
395
204
208
20
360
49
195
167
320
402
323
145
330
161
411
356
455
328
424
137
377
337
472
394
415
475
409
426
80
430
418
196
131
302
44
80
143
431
350
191
402
215
254
205
186
105
462
83
365
39
498
45
401
290
39
42
268
422
379
353
139
101
207
51
331
310
140
248
16
351
299
493
344
366
314
316
370
398
60
28
14
341
35
46
471
293
149
64
254
132
401
112
451
274
419
109
212
48
252
376
8
449
106
458
374
206
364
59
111
354
445
348
413
276
261
415
292
137
368
70
87
34
439
389
219
475
9
169
228
454
101
409
115
409
453
256
16
265
455
28
251
96
402
181
228
97
41
289
161
153
128
337
21
403
350
188
106
392
47
98
63
268
291
229
201
297
452
306
304
392
355
398
352
406
493
103
140
82
144
317
482
86
49
236
85
312
498
219
364
311
139
377
324
8
312
26
109
355
228
362
281
76
297
21
113
375
415
174
310
93
134
155
374
460
33
66
54
378
92
461
180
486
3
248
351
444
261
151
160
373
242
155
47
143
235
296
323
415
382
466
426
414
383
325
11
470
146
171
254
336
319
178
226
205
123
242
38
457
33
95
15
284
285
335
30
290
383
93
487
412
211
83
11
261
282
389
500
141
485
327
87
285
287
52
428
295
70
497
114
294
115
369
76
309
260
13
369
417
380
165
107
203
476
378
260
97
303
223
364
87
189
147
491
372
52
104
395
321
458
102
441
276
55
139
131
57
179
256
86
473
278
164
102
99
493
86
298
431
476
112
182
14
76
256
303
246
282
207
351
144
271
296
469
472
256
334
367
195
285
118
461
346
473
332
126
57
4
152
438
490
355
348
178
259
184
209
499
444
214
256
321
140
472
226
404
243
490
221
143
314
212
32
61
422
486
233
23
288
219
282
398
248
54
137
311
366
196
224
73
219
298
163
308
437
191
499
202
302
123
478
67
395
102
123
19
497
428
70
318
84
18
99
183
253
84
119
139
204
260
31
479
122
86
208
177
48
348
46
371
323
294
6
84
168
51
274
313
262
163
400
440
99
152
400
161
261
279
182
274
315
267
367
227
197
454
134
78
73
132
197
489
389
441
97
176
14
461
441
90
447
400
136
210
251
274
366
377
236
224
152
14
236
108
410
338
466
491
436
432
27
484
112
247
96
375
342
456
346
3
451
413
330
360
36
455
15
274
265
421
456
340
218
262
389
71
403
298
199
104
205
63
124
313
230
41
299
416
184
175
338
479
326
35
39
422
428
449
269
140
339
28
25
209
78
123
371
466
424
377
239
17
83
367
498
223
196
315
357
190
59
357
14
267
183
381
113
379
289
431
284
124
399
227
485
272
128
41
300
398
493
8
135
144
288
162
354
326
46
129
48
121
461
488
79
431
463
190
284
13
261
241
41
460
88
189
174
443
268
135
435
10
478
410
396
68
254
20
147
126
426
122
120
79
40
59
476
254
350
195
69
450
391
163
425
175
50
456
265
363
312
458
56
135
464
165
90
116
153
401
155
305
499
28
101
207
333
86
480
255
108
83
302
301
152
418
6
244
21
95
178
74
189
485
472
243
135
456
15
237
132
499
459
103
262
482
300
62
162
446
160
370
8
400
191
383
163
57
348
342
229
314
275
178
67
285
377
433
27
247
100
291
397
114
230
213
365
384
495
289
231
11
142
318
276
324
238
417
329
21
103
295
157
117
181
477
426
27
412
247
350
172
461
474
359
446
89
44
351
235
381
458
228
210
59
333
295
105
295
6
323
391
156
428
139
429
430
446
204
480
36
148
308
57
161
247
156
398
70
310
176
393
298
159
32
157
124
170
15
156
479
456
123
458
16
329
287
203
251
72
192
292
126
245
336
291
330
198
316
201
348
185
311
493
377
389
107
189
259
215
440
223
257
197
189
408
98
449
294
181
195
414
102
123
160
205
383
340
108
115
225
266
476
98
149
483
378
81
239
346
239
173
359
309
330
174
34
244
268
378
111
492
112
131
382
93
267
306
146
370
343
283
322
492
202
2
146
396
398
281
9
449
312
500
9
276
457
250
120
470
390
148
170
444
26
21
385
475
351
298
336
271
106
45
289
461
120
307
272
224
267
220
299
78
347
305
342
327
78
470
41
175
393
464
65
313
333
317
366
212
109
323
21
281
336
333
318
355
40
295
263
98
415
154
355
458
398
188
90
18
45
298
195
192
316
50
57
425
391
479
6
203
362
202
144
400
335
299
39
111
190
161
466
216
80
476
222
246
500
70
337
184
337
149
415
454
107
496
202
415
15
241
352
224
499
34
208
316
189
201
304
133
486
88
313
95
305
303
164
155
319
279
313
90
210
37
53
264
386
75
188
193
442
460
225
420
407
258
482
108
465
458
324
354
22
375
178
116
45
445
255
258
293
329
118
114
171
96
276
7
143
380
259
453
452
461
51
39
39
437
105
485
245
483
370
411
322
230
168
385
319
498
358
325
65
31
329
46
396
76
93
78
360
358
124
285
23
436
474
300
242
63
364
355
354
250
462
209
330
294
244
164
86
221
497
330
454
50
273
448
335
228
179
364
276
219
417
263
379
162
156
233
266
82
5
233
301
270
52
260
52
322
430
178
21
104
144
115
418
42
249
6
437
162
102
269
45
348
359
286
80
345
438
215
247
354
25
443
105
259
106
200
462
458
492
479
197
318
86
117
35
76
417
57
298
495
100
155
160
16
408
130
272
203
210
453
247
458
343
202
214
425
166
309
352
264
418
82
10
170
343
194
304
298
429
500
382
361
117
92
419
186
407
288
160
429
27
91
470
22
218
113
100
134
79
69
82
441
75
141
445
412
431
407
35
31
96
100
455
432
148
68
303
454
393
259
127
24
251
329
95
13
260
241
366
480
227
466
444
204
38
43
408
474
24
196
195
447
5
325
478
381
290
31
7
104
268
96
65
334
484
51
231
432
266
402
21
98
250
344
398
475
377
133
156
482
301
438
347
28
365
377
393
75
353
50
160
211
448
331
448
451
65
144
189
113
70
100
50
218
390
494
61
117
473
81
27
63
125
18
307
111
277
9
213
336
16
269
116
488
37
148
354
124
76
418
499
124
275
485
72
186
414
5
215
369
174
167
426
246
121
84
196
414
203
288
249
202
180
115
98
51
132
174
175
221
384
384
425
375
486
413
343
383
417
489
439
395
414
376
294
319
349
89
407
164
83
94
174
323
198
63
37
293
25
242
143
44
211
173
179
355
441
264
215
32
105
46
252
455
300
247
385
333
457
252
452
363
339
235
304
401
89
179
195
184
278
80
37
292
52
195
353
321
436
332
452
44
308
313
287
60
102
103
101
303
17
195
159
161
142
339
343
121
175
32
40
135
223
380
462
76
33
1
114
264
437
150
307
489
429
23
380
218
396
113
362
4
425
170
467
29
390
233
344
177
80
284
65
219
248
180
387
128
140
362
240
176
151
224
93
343
424
437
436
320
147
314
208
486
400
366
488
418
348
113
476
134
412
280
405
302
496
498
49
364
73
492
221
91
4
368
402
288
71
469
456
434
180
220
438
462
70
315
57
240
35
490
306
108
442
196
415
33
473
278
257
27
53
395
277
227
491
117
118
200
6
378
340
122
136
210
19
263
412
239
452
231
451
28
119
368
287
258
302
366
370
462
33
136
390
297
208
366
366
433
375
146
194
142
494
237
458
177
311
443
257
83
261
264
239
283
16
179
181
387
127
425
425
294
142
465
161
141
211
121
248
230
26
423
233
40
149
350
446
409
211
406
152
10
269
93
417
445
420
186
481
217
214
48
249
286
218
99
52
170
114
197
341
401
444
212
258
170
155
170
48
66
417
12
460
325
279
108
85
372
221
470
242
233
203
75
28
454
51
400
212
14
193
86
76
28
72
475
300
207
270
213
451
141
394
370
473
274
33
193
469
160
81
379
123
204
241
424
345
338
314
42
23
427
415
128
94
365
457
15
13
249
292
275
195
342
288
234
386
121
494
344
60
303
257
108
368
453
400
180
438
288
428
478
58
222
32
458
267
159
36
170
460
75
353
412
5
38
291
325
228
281
230
448
9
344
378
316
369
232
178
128
429
466
129
42
435
74
20
290
315
493
40
338
106
400
141
134
415
1
387
330
175
189
349
172
144
315
387
216
15
5
414
219
401
134
497
419
356
286
485
30
445
364
306
132
344
437
169
160
240
126
94
199
66
12
468
356
31
231
433
136
184
212
345
475
16
277
487
127
45
5
197
138
90
79
166
294
282
233
58
229
458
97
476
433
182
351
234
351
349
227
223
478
135
86
467
378
52
152
403
199
105
444
143
283
391
160
250
45
421
487
357
265
421
294
109
122
277
108
306
474
291
364
137
350
487
145
409
427
350
370
226
369
478
132
118
85
23
380
118
151
185
373
490
136
92
172
471
193
34
238
152
131
11
405
462
310
125
475
252
129
383
471
406
418
204
280
145
101
154
441
303
364
197
141
226
10
207
39
446
8
175
206
103
143
61
146
426
206
48
130
377
76
441
223
215
444
346
468
112
139
476
446
168
275
89
92
345
27
462
305
433
30
491
459
126
321
242
448
84
40
274
44
265
182
500
204
154
448
425
385
183
118
492
31
472
272
320
467
489
352
192
307
449
327
361
156
171
249
146
424
405
133
5
170
475
282
336
384
331
200
216
201
227
115
77
391
2
334
291
299
60
135
60
122
377
25
300
407
482
69
1
390
319
425
235
342
321
101
273
290
121
52
38
204
229
266
378
51
301
354
230
189
284
186
357
129
299
91
27
416
73
358
471
482
53
206
481
301
266
348
136
233
464
126
341
409
476
459
249
161
202
45
486
332
10
424
222
492
459
267
265
13
109
449
348
36
313
35
425
78
374
92
239
252
128
458
49
73
136
223
175
448
41
43
54
297
225
395
423
364
196
226
416
235
111
405
248
487
375
316
178
38
171
283
71
289
10
310
398
275
98
245
299
290
465
487
199
95
474
404
187
185
405
295
39
312
190
400
474
483
211
458
191
67
472
471
90
173
220
335
137
56
305
334
147
294
11
252
440
403
57
188
106
25
193
279
111
90
488
296
63
149
19
112
13
415
164
301
394
197
490
336
337
436
385
204
338
101
320
382
212
352
437
467
400
280
284
179
310
83
423
181
382
237
403
495
55
266
424
356
265
135
17
24
440
412
400
16
428
150
390
88
162
318
377
372
210
52
248
221
240
56
486
78
415
174
259
497
100
150
351
264
24
156
40
465
238
405
306
46
133
434
306
216
320
67
170
493
225
63
60
346
174
500
59
59
190
283
392
423
41
475
60
225
331
262
33
105
397
170
164
300
268
48
423
380
8
255
198
240
439
469
418
210
322
423
214
220
340
194
235
85
71
467
101
486
463
112
9
139
31
375
231
133
396
368
9
49
462
285
134
199
332
229
213
222
186
55
212
131
355
392
155
40
205
367
486
69
49
280
316
442
263
219
125
294
274
265
10
363
144
102
225
154
129
263
267
244
324
129
206
456
187
142
458
70
228
10
197
465
298
170
322
324
273
66
297
89
229
390
114
270
186
439
276
348
366
392
226
369
154
151
270
426
406
119
347
328
3
21
118
2
92
2
278
232
33
194
278
150
61
201
23
316
348
309
176
181
19
43
203
33
3
491
8
154
458
318
179
198
162
350
456
54
290
95
476
21
8
347
292
145
408
410
273
116
133
229
67
102
408
397
453
313
181
129
442
107
306
50
132
318
138
267
470
225
94
226
452
298
138
383
425
28
298
395
461
146
179
454
129
40
197
266
297
121
210
22
358
57
45
16
199
447
81
302
69
96
113
17
363
329
419
50
318
208
120
171
220
446
56
264
146
471
460
63
252
376
311
416
395
342
311
162
311
197
186
206
444
444
162
120
413
286
480
297
381
101
166
79
388
297
491
308
375
36
299
160
473
499
323
193
171
281
189
168
317
404
216
44
240
244
311
11
82
306
114
303
188
452
38
4
237
302
154
141
41
340
9
152
251
305
442
310
31
99
69
39
155
119
373
297
412
33
124
496
462
47
93
43
486
472
160
454
257
49
383
261
168
308
346
393
446
326
494
134
55
31
497
178
1
270
106
119
41
95
162
391
476
471
386
91
275
458
121
451
462
18
127
266
68
94
407
81
50
280
86
52
78
365
134
354
182
400
464
292
301
104
290
115
410
151
6
247
284
215
155
365
350
138
480
23
238
315
277
271
215
86
215
237
416
424
57
481
301
216
270
169
460
473
107
266
117
218
375
200
463
482
364
127
21
219
58
100
265
309
106
411
2
388
375
329
202
111
18
497
5
447
392
22
192
29
232
71
403
102
128
403
452
494
173
188
443
97
136
101
112
215
300
81
380
36
292
475
405
113
88
155
465
135
459
415
401
12
344
480
130
476
190
319
272
266
216
156
194
399
258
328
171
453
104
489
325
332
275
275
99
204
145
115
441
360
330
139
410
39
311
407
234
17
449
94
161
227
86
65
65
123
395
31
358
498
61
198
412
145
103
396
4
496
415
376
109
184
309
124
21
306
363
49
200
273
191
320
230
126
277
75
445
332
269
351
241
143
458
376
136
363
399
61
31
251
430
195
21
426
334
75
424
308
478
156
406
217
433
247
176
286
160
381
418
268
306
299
179
350
367
179
439
144
345
394
384
356
314
47
498
179
469
230
257
324
427
145
24
10
6
18
177
14
473
433
265
158
419
53
419
323
141
375
46
405
349
407
118
377
446
36
50
457
251
445
136
493
168
441
435
19
470
144
414
14
52
103
413
471
22
349
408
339
335
481
190
156
56
444
466
400
324
4
136
129
180
320
323
254
485
27
102
239
209
276
48
268
377
169
48
178
134
78
396
234
305
215
174
140
485
464
45
69
167
21
179
37
47
75
469
236
384
44
441
159
29
26
147
259
113
318
337
437
485
24
400
451
95
465
339
401
408
110
85
254
300
209
119
451
46
227
283
244
245
54
500
305
289
207
434
411
266
307
266
462
327
345
450
260
283
386
255
331
402
259
49
322
355
396
417
84
180
207
23
230
350
219
97
417
452
347
234
369
310
239
74
103
336
346
201
386
117
261
90
158
434
353
47
232
174
168
202
151
163
49
327
3
239
58
233
9
335
177
194
303
239
35
167
19
164
344
473
128
433
408
163
445
97
361
245
258
353
388
100
133
228
425
142
483
99
425
329
21
16
96
71
454
481
427
350
418
40
373
127
329
456
109
147
159
65
191
329
269
283
17
188
239
146
455
108
1
129
304
374
334
44
17
401
305
129
347
441
223
58
12
262
318
52
180
443
462
354
60
64
12
111
179
4
193
230
485
116
413
392
24
177
452
213
173
402
451
32
188
81
373
181
116
276
117
225
209
285
70
196
121
297
255
443
364
413
123
429
222
117
484
498
379
437
14
26
363
143
160
474
231
17
490
176
201
280
77
364
344
343
92
114
399
330
24
334
256
334
328
459
258
472
258
184
289
375
237
75
439
224
33
145
61
167
46
202
170
397
493
337
150
121
487
40
324
138
132
450
303
335
75
372
168
272
71
455
451
16
267
335
289
465
420
174
131
323
116
155
199
305
128
278
94
20
428
143
131
23
53
380
431
374
251
412
142
459
342
58
375
175
235
111
352
212
472
447
458
455
156
250
255
308
335
455
199
291
485
165
163
5
382
179
289
262
294
332
444
147
408
418
85
135
85
9
481
171
422
451
93
41
386
303
222
328
499
371
494
139
396
143
274
67
109
84
499
413
213
67
134
221
456
247
468
159
40
414
323
298
126
282
327
364
21
136
177
160
340
81
397
367
388
145
373
153
337
30
383
180
479
380
389
443
492
130
96
345
197
265
67
231
200
427
317
456
331
454
145
81
142
47
247
423
365
500
378
415
406
56
230
73
144
393
377
370
358
336
305
257
347
473
68
61
323
61
478
111
302
374
276
427
120
64
427
4
209
81
178
160
86
328
418
90
353
373
35
488
175
447
478
272
316
8
12
495
373
135
476
365
435
272
271
252
259
111
77
494
44
325
460
446
189
200
5
152
383
103
438
458
401
245
338
497
344
420
493
90
177
482
22
257
16
92
469
431
303
287
321
110
408
94
191
199
291
363
95
292
7
427
362
306
412
89
457
471
485
32
288
266
37
319
255
23
233
269
254
84
130
34
58
218
43
284
468
326
100
156
379
210
360
205
291
171
323
414
53
312
213
154
329
51
107
24
256
500
331
227
443
458
282
279
359
193
200
50
314
199
355
474
304
75
257
220
99
41
206
452
370
109
287
33
209
254
184
225
71
436
178
281
17
103
365
484
288
72
264
101
177
437
248
352
408
430
448
172
294
277
325
225
299
236
247
408
105
402
29
32
226
141
261
240
369
198
47
218
450
310
380
399
59
34
297
53
378
16
360
119
309
345
445
115
275
81
245
386
87
18
375
463
93
7
141
186
315
46
301
56
387
311
227
329
227
183
418
208
218
392
238
429
125
108
30
24
345
347
207
475
472
412
38
107
492
418
134
292
440
166
309
433
68
357
456
200
86
304
53
424
134
132
349
432
303
363
169
407
97
37
46
386
463
28
62
300
206
101
136
200
379
67
121
147
181
168
315
184
301
495
366
244
451
317
446
293
278
416
355
252
420
80
70
41
430
380
455
216
63
289
464
491
277
87
173
366
110
79
215
200
296
268
441
59
229
20
198
383
406
262
261
37
68
465
465
235
61
18
409
42
170
34
192
456
134
58
205
96
136
134
171
353
419
211
90
233
32
86
90
186
124
83
240
312
72
84
106
429
144
23
357
66
39
238
153
224
423
164
157
145
142
46
347
153
361
420
290
285
328
222
55
459
30
302
335
463
351
77
387
202
144
477
459
175
213
297
39
458
79
210
348
464
374
38
245
215
111
476
445
454
204
375
109
223
247
222
216
449
13
446
480
489
86
334
458
60
104
224
184
156
159
498
411
341
300
17
308
155
254
162
223
382
238
180
214
408
280
46
65
119
169
199
386
425
274
25
142
287
234
377
482
357
80
32
192
249
225
161
332
221
386
197
456
45
325
453
10
497
105
84
197
348
381
247
285
195
328
488
211
115
450
375
68
426
317
366
312
132
42
5
463
115
258
79
103
164
223
161
312
254
279
320
225
471
403
106
35
354
465
242
253
92
78
286
225
245
409
100
286
485
282
334
152
13
138
312
53
417
159
327
23
409
273
383
151
152
123
160
263
266
228
358
356
75
452
250
108
346
79
165
63
424
221
491
164
490
25
259
127
270
90
151
340
428
12
294
426
333
452
49
94
125
482
112
195
315
452
256
286
456
23
282
290
355
346
489
409
37
307
40
406
162
292
8
457
490
375
178
80
394
273
320
285
244
32
254
428
266
42
401
19
336
276
427
185
62
221
46
183
175
395
108
310
322
114
117
350
341
448
454
195
28
143
371
358
320
403
293
154
168
174
409
392
306
89
421
423
29
147
49
447
280
138
275
59
25
256
499
9
181
410
28
200
74
303
207
71
234
357
114
171
81
487
257
176
291
18
22
365
150
141
114
129
5
108
269
323
180
500
417
13
182
141
320
399
110
271
4
148
269
178
92
460
18
316
34
337
432
17
196
21
412
381
481
143
338
293
303
240
111
53
387
182
420
384
377
284
97
144
415
69
176
390
470
206
490
249
358
434
387
144
454
308
424
171
119
54
53
161
490
194
460
466
306
141
493
160
249
149
102
277
121
276
426
464
414
390
386
332
184
226
2
431
424
26
123
152
387
288
423
52
207
427
299
131
72
206
157
185
267
273
481
386
406
112
351
363
127
68
74
74
111
148
77
12
488
270
51
131
275
237
50
247
445
81
109
139
17
184
26
37
319
388
270
102
451
476
279
316
401
224
238
80
130
97
69
49
409
432
147
135
430
288
124
409
411
496
460
47
262
10
382
271
42
239
461
172
43
154
314
89
276
28
309
304
412
443
316
78
466
125
255
150
480
225
40
375
420
371
244
448
61
220
37
170
343
363
148
50
212
218
478
87
10
367
149
129
51
88
33
35
109
398
499
144
403
7
338
286
39
89
296
29
152
10
491
234
46
257
419
231
234
206
416
277
342
66
299
200
73
208
116
324
89
175
89
124
266
167
427
324
290
427
387
408
405
63
211
80
312
479
33
466
224
270
422
82
415
387
294
450
286
156
73
85
86
127
388
330
239
11
471
469
170
497
343
154
66
422
237
410
454
111
296
139
9
235
153
13
20
225
281
405
436
340
21
172
235
111
142
94
217
431
13
345
258
45
163
427
388
231
351
278
73
408
221
27
293
180
492
347
346
271
78
50
400
38
327
371
134
491
22
458
363
123
258
20
253
149
428
457
29
353
273
466
486
71
431
395
122
120
455
131
274
491
262
162
91
148
363
401
213
54
53
389
30
50
32
445
290
8
401
418
115
497
295
19
172
112
193
495
216
184
409
222
89
435
304
215
352
120
265
157
120
238
90
278
380
61
361
123
438
453
317
269
412
272
443
304
369
380
86
101
281
9
498
277
103
361
56
207
52
203
28
308
84
483
259
83
67
428
320
436
77
318
52
188
379
180
17
321
61
219
36
302
17
294
155
188
297
428
288
35
323
134
246
141
494
292
85
284
80
440
321
255
204
260
291
89
486
369
286
202
320
328
174
92
103
418
330
116
375
80
33
154
214
40
383
396
325
388
456
457
160
101
58
355
213
128
256
153
242
173
477
56
124
89
185
341
240
384
201
312
465
464
94
161
361
458
421
316
259
166
211
170
86
9
4
454
456
407
368
305
22
124
63
384
220
187
277
345
480
37
119
202
157
417
441
429
258
40
174
223
419
388
355
484
78
176
479
81
64
34
360
430
53
175
229
69
11
483
471
78
442
84
197
13
78
235
270
290
322
355
292
222
50
480
26
227
383
18
454
119
165
429
48
6
216
472
176
167
492
93
493
416
325
26
407
153
76
415
90
239
435
90
368
151
98
487
411
164
355
112
415
250
458
281
321
431
281
17
398
129
14
212
328
19
329
349
445
182
263
323
460
275
212
66
177
312
156
63
430
379
1
125
459
223
180
413
308
236
39
215
420
352
305
36
296
97
235
317
483
65
8
268
253
441
286
427
322
400
238
421
236
76
456
281
169
179
429
134
153
65
38
225
373
253
6
495
379
345
72
203
252
437
315
156
20
333
169
499
79
51
337
51
315
133
179
16
283
239
481
335
176
46
423
36
359
334
247
337
470
345
79
93
242
219
465
185
274
173
25
143
9
393
231
268
344
173
377
264
403
224
38
78
399
61
107
306
293
42
119
200
324
26
405
330
92
212
408
326
463
266
178
132
256
93
378
367
104
143
500
433
466
391
427
373
421
406
134
391
482
135
416
416
109
102
84
176
213
97
75
324
277
11
155
483
53
399
337
408
85
239
213
365
236
213
182
378
180
257
206
101
483
357
77
483
227
286
18
396
414
433
61
498
236
384
356
354
274
189
192
231
77
407
485
455
17
88
275
357
305
335
359
378
225
60
259
487
315
27
63
183
249
483
68
295
264
255
461
40
418
113
49
35
492
470
298
393
171
183
309
36
497
293
242
314
497
2
295
18
196
455
424
152
457
118
174
194
312
303
6
382
123
363
254
264
309
347
392
392
22
118
477
419
48
109
174
131
145
224
13
57
119
221
368
134
228
380
250
449
80
54
369
476
345
246
4
376
441
309
86
267
397
393
366
313
422
166
238
59
414
307
50
218
470
62
496
32
308
99
458
466
55
276
23
37
110
77
483
144
17
289
153
45
22
148
489
243
146
14
104
332
496
179
429
412
452
141
160
293
66
1
263
241
368
128
214
463
380
234
418
379
445
333
349
90
172
209
419
124
487
209
318
402
483
483
463
304
319
250
47
381
354
64
275
384
56
296
382
316
33
83
192
215
211
449
95
263
89
480
368
42
130
407
274
459
116
105
221
75
481
44
50
91
78
331
290
482
7
44
56
73
306
113
200
266
135
378
179
50
493
87
159
436
474
254
369
351
405
220
111
113
155
65
212
380
352
419
261
25
448
117
218
4
116
497
155
418
72
214
183
307
119
287
226
441
296
22
353
235
168
455
111
458
436
350
308
265
216
36
151
13
417
251
496
364
308
225
250
7
314
330
449
215
394
490
344
96
235
461
373
491
242
442
329
26
424
414
494
275
320
256
381
72
300
326
54
426
383
323
222
353
66
132
248
178
226
497
103
460
240
30
155
375
192
179
168
14
344
361
394
71
328
307
49
300
58
40
143
400
397
350
276
351
211
299
326
94
85
138
261
494
17
468
258
422
113
493
421
353
252
454
493
24
129
398
280
14
145
168
416
71
393
264
418
25
55
263
447
336
362
111
7
144
189
115
80
151
180
423
231
39
81
190
443
311
322
212
209
153
236
38
406
393
182
455
104
264
204
443
320
174
331
217
453
147
317
353
384
40
486
399
176
358
25
444
479
386
463
331
138
13
335
301
152
450
448
403
188
161
348
396
302
12
123
401
419
281
182
337
23
492
296
18
65
339
11
78
285
45
313
333
301
63
322
22
30
77
23
427
116
67
495
171
346
403
271
283
109
246
180
181
400
220
282
441
218
303
300
300
235
420
346
225
392
496
106
227
175
141
93
401
94
300
129
98
297
92
448
334
131
31
123
397
54
57
486
271
366
95
119
326
15
377
334
54
10
346
61
432
282
66
207
173
103
361
331
33
461
32
302
150
353
241
423
136
103
188
79
424
423
103
410
172
125
311
128
7
361
4
297
155
406
154
272
161
476
235
81
248
139
423
219
187
352
397
81
256
308
102
367
439
386
288
175
432
97
115
492
273
182
162
102
369
398
137
326
353
395
418
312
246
53
48
101
38
38
137
246
114
263
141
459
397
249
257
76
114
101
83
453
210
226
278
115
298
177
116
181
454
269
341
381
350
217
300
185
367
481
190
367
156
72
106
316
264
273
68
314
363
309
28
18
291
379
282
84
232
85
91
333
220
10
400
145
403
250
293
316
163
327
85
194
265
57
402
403
84
389
2
452
211
443
373
353
26
71
267
263
60
181
174
400
258
451
21
423
223
226
307
420
377
488
162
216
278
440
363
64
330
292
495
41
84
289
71
466
138
304
303
239
472
488
205
397
110
82
285
153
463
104
300
237
436
323
60
298
71
384
228
366
484
45
461
17
105
101
332
193
330
330
298
138
414
315
387
350
87
289
374
48
174
80
11
186
475
276
61
199
317
372
155
471
37
271
407
82
158
122
379
265
369
149
123
341
41
212
469
185
164
356
46
463
91
207
432
123
176
249
468
400
368
118
240
91
465
398
433
77
80
452
4
404
348
156
246
77
342
143
239
116
37
465
382
465
267
245
444
180
266
473
189
303
113
238
84
286
51
231
473
443
76
147
487
311
388
496
297
411
199
231
389
459
379
291
288
283
12
400
442
489
349
366
81
482
346
347
459
401
352
192
174
73
276
293
190
437
214
491
280
121
38
211
263
67
336
290
421
89
497
416
182
400
390
354
324
463
306
481
413
2
243
26
95
225
30
245
406
435
126
395
451
483
241
315
375
188
464
335
281
390
352
156
341
402
156
86
211
2
323
349
354
427
138
198
44
319
415
206
336
368
442
238
360
216
102
428
148
405
165
337
373
85
313
345
153
55
183
55
180
426
333
475
299
305
290
453
336
85
287
402
191
144
217
389
304
306
428
77
113
322
255
474
276
437
75
374
120
330
124
379
122
494
251
464
453
313
46
136
15
46
111
56
191
422
88
2
199
227
331
276
488
198
420
107
202
169
489
439
490
312
282
96
179
440
110
46
373
341
40
26
353
136
245
432
242
347
370
310
110
449
143
315
120
334
230
296
442
444
334
404
428
152
463
234
291
431
454
270
175
174
212
409
437
376
132
293
364
108
24
167
488
119
303
350
173
82
221
175
471
237
490
182
427
237
463
135
143
350
415
81
353
112
22
204
282
235
381
428
167
420
347
337
59
275
339
211
324
312
437
339
139
279
118
101
198
351
144
481
212
160
254
202
263
456
261
176
111
243
19
119
92
309
399
422
98
404
251
112
246
499
409
255
162
21
442
95
60
419
366
317
331
223
373
190
40
494
316
132
60
378
141
298
260
12
155
79
64
22
98
184
21
371
343
15
51
3
159
264
180
192
19
265
446
344
315
414
146
352
376
312
60
342
282
79
254
490
126
446
226
166
260
30
341
487
432
230
478
211
5
262
410
330
447
9
276
32
9
302
215
495
135
468
97
389
8
342
286
118
324
149
86
476
211
409
420
56
284
79
427
467
23
360
229
336
260
166
333
157
199
339
272
229
251
231
83
69
314
357
144
286
459
177
350
341
422
380
260
449
195
306
154
271
27
172
477
102
11
101
91
462
385
182
396
92
499
141
352
493
30
119
341
203
380
121
420
303
215
474
441
203
453
214
490
66
272
401
42
492
76
357
188
206
409
417
13
35
441
372
498
152
282
146
273
158
238
315
321
305
31
151
296
403
221
395
363
257
475
192
318
447
35
447
287
286
444
323
485
234
54
370
312
433
471
426
318
106
63
333
356
91
32
158
484
496
245
184
266
276
73
432
469
444
182
321
30
284
261
441
46
470
302
437
20
71
134
300
423
11
244
154
21
42
244
335
103
314
492
220
187
45
396
127
72
339
230
400
471
68
240
302
141
369
55
157
13
317
284
299
262
224
465
227
393
348
86
211
279
38
254
478
86
137
249
142
17
451
69
285
27
300
162
211
497
323
117
406
29
328
170
448
456
259
292
24
376
363
417
417
473
247
96
265
258
476
496
163
289
183
201
130
134
91
194
433
103
257
302
73
432
465
201
291
329
390
178
432
230
333
318
466
261
346
247
57
216
302
347
145
338
6
265
417
275
26
306
344
481
32
225
231
228
72
286
29
379
50
255
475
381
467
333
124
31
198
41
450
433
353
150
349
499
350
217
215
250
89
369
278
52
37
13
17
157
146
189
345
158
464
354
40
200
205
4
174
169
82
84
27
308
306
37
151
494
492
475
214
180
486
334
175
252
451
57
159
6
454
176
165
104
345
495
395
485
482
54
386
213
321
51
336
54
70
428
131
398
128
466
458
143
225
275
285
163
450
220
280
376
413
259
144
479
344
2
426
428
209
94
19
193
289
207
388
119
203
8
107
482
178
125
128
101
28
247
337
451
143
201
307
471
138
198
282
449
125
448
190
382
354
302
458
354
54
87
4
233
47
408
402
285
179
402
354
279
16
277
37
500
378
450
404
303
201
2
237
112
25
34
104
110
312
438
349
41
237
103
249
461
238
388
454
241
13
271
432
206
87
360
500
73
256
223
227
219
36
68
166
60
428
277
43
172
493
162
475
125
406
459
442
94
108
495
80
144
96
364
93
244
478
432
192
90
72
380
228
287
243
360
373
428
71
162
362
110
247
476
180
177
387
259
167
52
442
143
2
319
210
261
188
89
72
307
417
217
478
101
458
422
356
455
311
366
294
346
213
57
313
362
466
60
98
398
120
484
198
155
9
71
436
256
224
111
315
74
355
148
279
213
145
241
318
77
172
27
360
391
360
491
3
238
239
485
495
354
465
183
454
156
206
33
408
275
189
365
491
236
238
65
85
179
124
320
230
374
203
308
220
96
405
2
317
234
109
466
358
253
25
243
91
47
343
32
298
197
203
183
322
46
53
451
336
426
407
411
334
312
197
401
374
74
271
42
120
260
61
181
379
314
325
399
331
440
388
27
319
64
39
59
481
143
334
85
346
26
194
239
381
364
230
41
370
68
161
327
144
279
23
81
121
330
459
159
137
38
483
197
98
195
114
191
93
202
217
53
172
372
223
339
162
67
190
269
239
167
372
495
224
248
338
478
354
414
426
340
295
329
112
36
266
97
490
91
442
360
366
71
386
314
153
474
353
441
441
293
462
156
452
116
50
73
405
60
245
337
453
432
222
472
174
251
150
218
161
295
161
498
291
53
74
480
286
44
85
194
25
296
41
478
325
311
34
394
41
482
473
196
397
206
193
391
432
445
467
82
339
390
375
288
200
477
417
111
23
141
298
382
495
481
472
401
332
69
71
274
290
154
185
368
117
78
458
312
282
51
464
407
302
484
31
8
71
275
339
189
37
245
402
271
55
435
441
190
411
333
361
161
101
52
19
228
320
279
102
112
108
223
64
350
151
372
329
450
277
131
312
375
59
158
414
88
175
134
300
457
94
483
26
384
210
108
124
239
368
456
316
193
441
211
325
310
148
312
427
380
285
238
494
344
308
137
489
333
360
207
174
355
475
381
424
343
415
379
404
111
24
245
313
452
292
142
270
176
284
4
497
309
194
374
63
