10000
459
476
207
483
265
473
455
453
278
255
212
248
465
390
494
259
257
363
477
308
376
405
245
203
341
243
375
303
496
231
388
289
201
263
308
413
355
446
372
466
267
482
434
360
293
423
334
384
270
336
435
382
205
265
270
215
208
478
239
226
469
263
331
430
471
422
457
236
294
304
344
264
391
381
212
263
448
494
267
474
280
468
387
367
480
219
399
420
418
276
295
451
257
496
337
247
292
212
350
274
448
295
347
460
371
237
226
300
432
387
373
443
372
496
247
334
239
336
331
211
441
352
316
317
295
252
232
233
399
202
430
301
384
239
215
402
299
457
301
354
213
265
303
363
228
306
500
499
489
387
292
294
422
238
309
434
497
469
319
455
495
451
224
401
371
415
463
290
303
376
283
471
277
386
203
397
285
256
321
230
344
432
495
339
289
497
249
353
463
361
366
488
398
224
243
433
412
473
338
351
489
396
480
491
222
454
354
455
415
252
229
476
328
363
337
346
375
406
319
332
274
373
378
494
381
468
489
376
425
430
221
380
332
398
224
486
440
306
485
425
364
206
223
313
373
410
264
484
495
458
483
480
251
380
353
379
440
479
382
324
296
486
331
400
335
374
438
368
444
332
348
407
260
403
325
472
481
202
240
461
498
335
226
437
327
248
416
450
293
293
202
350
240
259
458
496
395
423
260
375
352
429
350
367
459
412
286
247
235
218
289
418
313
405
437
399
442
468
227
436
244
497
486
296
395
380
379
389
208
442
350
442
406
483
419
460
439
469
353
372
416
258
430
470
487
309
477
310
454
321
481
264
247
298
232
390
207
252
430
274
440
310
286
371
291
383
439
244
280
478
280
498
259
436
365
322
490
454
398
429
300
369
362
274
261
423
367
420
269
223
390
410
455
250
384
492
462
436
217
385
456
224
384
248
327
410
241
336
440
358
372
306
484
399
223
341
437
462
381
352
453
454
202
411
429
457
220
350
408
335
439
321
257
273
471
293
312
297
484
347
200
278
371
428
437
442
421
334
347
421
445
208
223
365
439
295
463
498
296
344
375
489
443
496
444
328
459
269
404
230
440
476
273
289
219
487
485
372
494
253
270
331
424
418
300
334
398
398
484
207
356
355
428
351
496
289
418
303
250
481
444
285
408
407
293
456
341
327
444
316
215
353
263
281
313
290
276
298
282
205
340
484
247
392
223
421
376
381
327
401
249
245
389
415
487
418
352
226
211
322
483
342
303
463
318
459
472
379
319
448
466
326
213
200
279
298
242
245
249
272
335
399
496
256
361
473
429
314
300
462
426
210
491
246
325
330
393
393
308
406
396
266
265
239
406
236
360
424
406
468
240
342
248
478
318
302
412
479
418
266
328
230
447
398
219
468
386
313
338
443
236
271
216
428
352
412
208
331
275
437
369
484
253
324
287
371
393
267
326
467
346
317
439
367
372
460
417
376
449
351
258
420
247
354
333
275
249
256
285
476
253
364
287
342
201
460
472
299
265
370
318
295
366
472
260
237
395
421
486
239
370
436
428
438
306
421
222
405
211
269
409
428
252
401
456
413
239
235
222
379
423
462
330
214
429
443
238
356
370
255
315
483
315
438
464
215
392
491
267
455
385
233
320
267
315
413
468
362
313
434
498
467
410
482
370
206
409
259
241
481
286
464
255
391
437
418
219
373
238
316
234
326
339
253
359
205
303
396
465
208
412
425
363
225
223
472
319
238
350
418
234
307
388
373
470
240
255
343
251
338
242
211
263
349
307
293
436
498
281
488
489
229
392
362
260
406
284
402
475
500
471
275
395
361
370
344
200
490
236
296
246
487
279
414
422
376
448
358
282
289
367
278
292
398
251
300
243
245
349
265
459
439
335
415
303
385
497
486
400
285
468
359
345
272
280
257
489
435
441
245
354
444
396
424
483
285
358
201
260
465
380
496
205
279
397
322
297
500
436
289
425
202
292
361
264
408
204
241
374
385
317
320
339
347
316
280
207
355
365
402
430
420
336
337
373
467
415
467
244
332
325
294
468
399
288
482
304
413
270
426
475
469
404
454
262
414
262
349
365
248
261
229
339
352
309
412
431
346
391
272
247
379
427
287
397
436
219
338
480
284
282
424
333
476
211
449
399
498
347
321
345
440
394
336
293
227
258
407
457
443
462
401
255
422
380
451
328
407
367
498
258
435
458
346
249
412
321
201
381
397
293
257
351
307
349
473
420
211
415
248
351
409
206
258
280
266
290
404
378
430
229
416
219
495
225
314
490
389
255
481
280
232
315
474
433
464
423
490
314
323
282
278
469
253
341
328
277
266
342
448
423
200
326
381
426
448
425
313
458
405
310
279
332
322
377
446
248
235
219
219
253
328
270
455
335
457
237
269
363
495
297
458
473
353
318
360
447
433
304
477
477
382
239
231
284
224
256
378
226
449
272
363
385
411
471
363
222
252
414
414
321
500
201
447
276
229
348
436
477
310
430
230
236
322
415
289
223
222
380
461
487
431
306
417
394
300
442
460
344
415
262
227
368
361
413
366
404
374
311
376
353
401
323
368
420
478
356
318
258
316
262
424
301
210
485
452
359
248
292
442
347
349
382
414
456
245
289
274
248
371
351
438
399
316
433
212
291
485
251
489
280
404
275
290
411
315
280
322
204
465
248
358
237
470
459
451
218
492
362
218
251
409
422
378
236
360
279
499
363
369
368
451
269
482
279
212
499
432
310
374
260
358
274
397
372
208
378
441
252
214
441
327
487
270
204
363
455
411
465
337
345
428
236
479
376
416
256
417
404
427
246
239
315
232
394
221
231
217
481
215
316
482
288
324
272
301
405
424
205
210
278
497
453
275
232
339
288
354
470
220
403
302
409
267
239
384
236
206
289
316
336
380
387
268
491
402
347
367
230
369
436
468
329
446
408
328
358
269
491
293
256
316
273
399
368
322
494
277
429
266
441
241
311
267
346
393
348
362
277
213
386
271
424
485
276
321
214
443
485
332
308
287
462
492
408
404
329
241
243
469
301
248
206
319
467
297
273
224
466
343
392
461
237
342
412
338
372
418
434
386
310
474
298
263
488
453
337
395
206
248
308
292
472
474
478
323
338
256
249
292
451
249
239
273
286
450
258
314
207
434
245
494
315
500
458
278
377
415
411
439
368
488
492
340
267
353
484
301
306
292
259
265
329
349
348
412
324
216
260
488
269
336
237
265
253
247
484
349
257
403
237
418
265
415
456
418
418
210
461
216
325
457
222
353
287
219
391
485
421
474
487
292
215
261
456
375
240
257
417
417
380
437
372
371
268
480
389
461
298
345
332
255
310
356
260
225
313
267
270
293
465
373
268
265
487
378
214
204
380
309
216
499
316
237
357
436
413
257
407
386
240
457
248
477
432
494
238
453
209
317
415
421
309
355
481
455
257
221
223
460
433
313
444
408
366
240
264
372
250
226
409
362
304
267
245
249
256
456
411
377
246
205
291
291
224
221
207
246
342
204
289
257
388
201
318
427
296
257
493
420
425
378
335
346
347
318
431
288
369
397
382
218
400
267
490
265
290
211
326
452
385
427
455
282
358
345
439
460
399
289
335
284
210
286
451
366
480
370
424
429
240
354
209
364
479
231
226
473
332
347
312
450
416
435
250
358
378
434
421
270
419
342
451
290
320
308
300
274
291
464
427
395
440
266
405
206
342
338
476
433
483
344
368
471
439
373
367
222
333
330
488
474
317
449
290
327
479
348
385
209
324
488
352
255
328
389
255
395
272
201
327
233
358
404
444
393
462
485
273
359
486
258
221
486
448
318
220
364
345
208
433
297
242
372
348
382
241
432
321
348
223
277
477
435
373
430
272
469
448
344
366
488
348
246
460
399
382
412
274
266
417
254
283
315
411
208
413
389
478
208
380
203
280
494
481
397
381
461
318
362
481
241
381
320
381
206
387
312
333
420
439
377
325
308
399
247
423
376
386
229
403
350
256
278
280
406
292
236
313
471
344
480
491
213
339
316
445
201
437
285
381
222
301
233
283
452
307
210
373
364
455
331
383
356
372
215
292
319
470
472
308
476
382
256
374
204
468
435
314
498
500
310
293
365
464
356
350
487
496
247
353
298
430
307
295
304
390
423
495
205
492
247
210
475
334
262
329
231
208
404
261
225
457
399
445
389
291
349
346
340
228
222
412
294
286
480
458
309
385
487
407
485
229
253
428
204
480
481
212
462
246
393
201
342
206
478
316
481
408
392
487
293
369
283
487
228
398
278
350
309
332
415
367
211
444
498
403
362
455
493
460
359
224
218
308
217
287
341
212
310
471
424
247
398
241
238
207
435
458
247
446
351
406
266
348
275
269
320
285
449
390
241
457
378
293
346
275
381
216
208
447
291
408
461
256
328
250
479
292
396
239
338
498
460
345
326
385
282
305
400
325
437
235
460
455
283
359
476
480
414
329
413
376
381
362
224
232
475
421
250
450
454
402
435
206
235
415
337
412
269
306
474
236
364
415
430
224
494
412
269
346
248
399
209
252
473
405
256
327
411
460
426
497
315
434
247
233
468
401
484
353
366
275
448
255
342
407
330
439
231
293
357
318
387
294
316
473
386
331
405
218
318
420
251
269
314
203
203
420
239
300
427
427
464
245
344
384
462
235
332
213
458
427
417
491
367
467
298
422
487
310
289
462
313
200
439
318
284
365
480
372
385
370
499
491
224
387
231
203
459
240
348
465
374
384
464
382
459
333
241
375
495
443
404
200
259
465
379
453
268
269
209
296
246
451
357
292
396
468
363
416
378
327
494
269
423
500
380
360
309
209
366
479
277
276
233
323
438
489
315
314
244
422
458
200
419
245
368
488
394
475
469
300
400
210
428
219
279
461
302
234
398
262
490
333
256
348
253
402
447
382
234
447
485
240
460
215
257
284
287
490
251
356
435
276
245
329
351
263
487
371
413
378
449
297
239
430
260
228
276
289
246
242
303
257
437
339
324
254
388
202
332
385
245
254
312
271
301
245
444
262
434
354
255
299
268
334
216
274
284
487
323
261
443
361
353
286
274
212
285
213
296
471
362
323
399
321
293
334
200
218
303
337
278
401
278
271
336
354
385
454
465
435
273
241
331
201
233
442
232
218
405
229
206
342
359
401
296
395
432
301
290
221
260
390
410
414
248
427
466
456
431
364
380
464
451
459
235
217
251
457
434
293
263
433
494
480
394
317
306
383
211
408
275
289
236
344
320
331
468
391
494
414
338
202
495
428
372
471
468
329
356
226
439
379
374
427
279
272
315
367
271
299
361
293
482
214
485
349
485
330
409
326
370
238
394
471
215
230
493
354
277
311
353
407
330
489
408
373
351
449
264
349
334
253
340
367
362
461
236
225
474
465
368
210
361
384
435
395
488
491
424
406
386
354
238
362
372
366
346
298
306
474
339
214
478
204
499
407
327
375
305
442
245
282
425
362
348
443
493
447
210
374
310
229
294
261
310
334
300
200
478
434
344
255
409
271
279
260
248
243
231
263
220
358
279
418
415
239
275
327
477
489
406
267
370
359
307
256
214
340
210
454
327
377
462
490
233
465
424
290
395
471
326
351
383
448
434
337
434
212
366
477
269
278
392
307
309
355
442
404
409
220
413
293
246
367
202
325
455
363
210
368
341
212
405
241
350
405
340
307
236
454
320
357
216
450
219
332
464
469
335
416
252
402
498
484
403
287
333
317
295
416
468
413
481
200
406
294
308
217
498
427
328
387
361
366
339
264
341
381
369
451
482
232
335
209
345
432
306
427
268
455
475
268
274
245
397
344
278
209
463
263
489
421
400
486
316
282
311
345
312
407
360
344
481
332
339
247
286
497
250
233
429
245
402
411
286
312
335
286
328
228
351
388
252
363
377
446
359
261
462
432
327
404
259
349
274
432
327
209
307
474
213
333
353
433
421
241
402
478
303
289
248
228
362
452
238
416
402
377
469
408
319
398
257
250
204
261
468
426
463
283
417
384
359
435
368
242
277
341
460
272
325
387
497
262
367
474
478
224
457
338
213
244
476
247
264
337
371
300
321
372
253
367
376
375
303
294
322
310
485
424
201
464
217
465
440
269
317
292
234
286
337
356
382
333
416
437
442
226
217
427
469
314
465
388
229
400
219
434
221
406
470
461
379
233
366
415
427
245
419
265
316
292
427
338
486
487
398
459
346
412
305
267
450
290
207
454
492
450
223
266
386
242
217
446
215
406
440
456
379
221
213
280
249
348
321
408
264
323
250
496
313
387
462
329
307
454
444
339
317
234
226
213
340
265
491
369
357
452
308
296
336
354
411
211
280
366
278
322
387
481
318
496
474
243
312
218
472
397
334
224
361
444
372
406
412
251
295
341
271
343
225
307
363
244
384
390
456
468
358
453
301
459
453
378
464
287
259
377
339
417
370
406
404
491
355
233
269
304
473
228
227
465
303
222
276
497
380
460
370
238
273
206
448
441
406
404
348
499
264
206
227
297
237
407
390
317
231
249
365
388
445
339
321
323
229
298
421
313
335
235
370
380
311
307
387
342
228
398
464
379
440
366
312
413
315
344
466
203
477
297
220
306
398
395
490
351
222
454
403
385
465
324
391
477
492
444
476
261
306
427
474
319
410
418
349
410
500
403
282
262
434
487
221
313
308
306
379
334
426
452
399
402
304
430
304
485
365
274
490
301
222
492
219
259
467
495
494
432
317
204
334
378
338
408
277
421
217
306
294
236
480
371
495
386
484
216
339
483
452
489
346
202
263
207
457
245
269
301
484
240
466
493
250
222
223
204
292
218
413
237
264
476
339
429
269
353
266
396
330
307
204
351
381
217
234
419
311
488
405
405
423
351
365
367
331
304
212
434
404
397
336
390
342
231
258
368
270
436
395
476
327
242
279
434
289
443
209
388
322
380
399
439
389
299
242
283
493
379
283
216
481
453
271
481
369
335
312
317
377
328
229
220
333
227
449
313
482
436
434
396
388
315
456
337
396
288
221
310
408
491
279
463
436
296
450
474
228
311
211
407
335
341
200
330
234
248
344
367
464
431
207
201
473
375
289
390
395
220
389
234
240
374
386
471
325
490
323
233
247
408
230
398
447
477
238
245
349
387
244
213
486
489
402
299
358
291
239
241
400
449
268
362
444
372
414
428
231
222
226
468
460
430
225
331
290
479
242
361
367
489
219
255
418
217
298
358
217
298
398
497
425
384
306
493
411
303
454
226
312
210
409
290
485
491
277
289
271
246
386
362
441
345
374
222
375
498
203
433
292
252
462
434
481
483
420
235
408
314
495
474
290
356
466
408
392
315
403
470
312
271
340
428
317
355
239
482
419
388
480
259
475
330
486
290
483
463
242
325
373
448
372
275
322
488
358
419
407
334
412
203
464
366
427
260
345
460
264
355
237
365
440
223
240
239
337
328
485
276
401
424
245
317
342
455
387
396
205
305
460
416
319
353
484
373
220
317
259
369
242
495
268
296
427
407
245
348
201
445
391
408
493
329
294
309
423
421
306
257
382
438
238
245
385
454
420
235
248
302
433
244
270
346
271
403
455
471
339
272
296
431
485
498
492
213
447
323
263
378
402
212
217
378
254
423
254
337
316
249
358
404
222
383
486
467
489
459
467
230
498
305
318
235
497
333
327
354
330
214
308
492
317
379
346
430
470
389
383
394
215
497
277
366
379
338
334
431
466
352
265
411
337
399
284
393
336
355
429
261
474
367
494
277
219
462
362
244
222
277
456
492
488
264
499
345
426
394
457
437
455
358
263
370
379
321
209
420
280
231
343
309
381
279
284
429
378
339
368
498
364
463
278
439
373
248
237
328
238
205
312
211
254
238
339
250
365
470
439
276
461
265
367
406
313
332
500
440
265
242
469
471
478
361
232
493
307
309
281
459
215
312
445
291
230
297
337
496
313
479
497
426
325
492
487
343
207
231
240
265
245
496
436
305
365
476
222
365
206
292
246
429
395
246
408
346
417
417
290
400
411
243
436
345
272
353
348
481
364
328
343
263
446
400
407
311
231
320
342
374
441
228
289
260
451
465
472
224
278
290
395
429
467
256
405
495
320
338
224
315
360
477
289
335
474
408
333
303
404
384
272
274
403
222
226
450
457
373
399
229
426
314
212
410
240
296
381
304
486
393
476
400
382
417
433
427
294
358
356
294
266
374
404
290
349
203
221
424
469
285
415
234
352
309
500
402
440
470
334
242
251
494
407
430
411
280
386
237
267
322
472
214
460
455
449
225
446
360
391
226
274
278
209
328
341
417
472
454
411
402
208
476
367
463
368
428
495
325
289
254
254
215
426
225
465
359
353
323
480
295
345
455
411
244
295
389
329
305
347
302
448
490
370
230
225
361
450
477
454
351
330
446
389
460
456
269
337
209
262
268
383
227
451
461
288
292
373
411
422
232
432
346
412
232
342
247
251
299
298
439
262
200
285
445
294
399
235
227
343
270
247
428
465
373
384
474
344
449
341
414
330
218
432
303
231
388
215
450
246
232
223
389
276
297
287
458
415
240
233
395
310
345
313
369
315
489
212
202
247
405
310
478
451
352
444
379
304
324
498
324
280
353
236
232
352
308
262
465
378
354
351
210
340
227
487
499
399
464
293
404
360
432
490
368
235
306
427
335
443
331
395
396
441
428
359
412
432
352
459
347
459
496
278
282
373
493
243
202
276
287
335
420
329
318
392
369
245
252
307
305
436
243
315
423
376
367
378
494
220
264
465
425
360
425
329
389
386
318
206
379
382
419
326
260
421
450
473
351
420
278
408
345
285
335
465
450
412
456
458
332
336
458
286
347
275
366
288
444
460
465
359
479
325
272
396
376
360
491
430
344
365
372
316
329
293
358
448
485
261
405
269
271
218
367
342
201
279
413
207
246
407
317
424
424
306
239
369
239
256
315
351
350
381
402
278
262
242
376
488
435
373
329
449
499
253
290
488
381
434
371
478
285
485
236
309
362
422
319
243
235
361
478
461
352
429
285
324
243
214
235
488
380
257
276
251
384
454
450
323
329
371
467
365
447
366
384
455
297
383
470
473
340
210
486
324
455
318
311
411
213
395
243
223
262
328
258
294
216
372
410
207
343
417
441
425
386
425
273
274
457
264
244
221
285
214
400
204
338
416
323
419
261
325
482
292
223
468
334
267
307
465
211
210
487
318
250
411
225
323
203
257
422
209
300
293
291
413
472
456
219
297
369
276
232
356
225
244
300
246
460
466
392
365
484
229
473
206
302
361
455
228
460
241
293
411
414
291
395
427
415
207
462
246
452
441
239
483
228
322
442
421
436
419
295
429
461
312
285
487
265
323
331
246
298
216
343
340
411
262
335
466
289
295
359
322
400
481
281
392
430
303
255
498
500
229
251
452
300
359
476
447
455
492
446
208
290
398
305
448
455
481
478
359
436
285
255
382
354
225
204
369
469
242
216
415
212
321
325
350
439
270
292
386
317
248
428
219
292
432
318
405
274
396
260
318
429
427
487
308
486
323
370
473
482
245
237
369
294
329
314
241
298
423
390
313
483
458
233
434
224
495
320
283
287
492
413
444
279
230
370
296
247
427
469
243
363
221
349
221
350
339
375
383
367
382
336
494
397
240
402
362
455
328
375
408
357
266
273
320
284
443
438
397
253
403
292
385
299
330
291
293
234
417
230
401
374
398
403
349
303
492
477
292
389
399
318
340
454
342
400
414
249
402
338
352
234
300
209
293
414
326
332
478
218
325
251
251
467
393
461
441
273
365
443
362
451
271
385
267
489
211
256
402
276
356
476
405
337
332
331
292
480
319
464
436
381
422
318
318
411
422
443
484
222
243
394
264
264
495
494
288
237
231
458
483
433
201
244
293
251
223
339
239
210
438
263
236
361
381
470
464
482
347
257
349
454
361
499
354
375
397
297
268
316
333
245
416
373
299
260
334
295
329
307
275
368
216
246
249
466
482
299
444
435
290
441
445
323
286
356
345
367
379
421
457
462
212
499
317
396
310
298
321
208
264
229
368
263
256
300
323
404
358
390
312
458
246
324
211
207
367
450
265
431
383
277
278
237
480
339
263
317
214
328
257
486
315
496
238
229
286
444
412
331
500
236
366
457
493
464
201
428
218
437
378
318
292
427
315
203
281
284
334
341
368
446
311
243
332
217
373
240
394
357
338
229
332
218
250
209
353
485
458
321
256
326
296
448
280
200
400
457
303
379
200
354
368
278
346
421
359
417
450
208
500
396
462
234
255
223
320
212
353
343
425
312
211
376
386
454
343
449
215
310
414
334
333
487
282
307
452
239
398
475
416
482
241
404
447
431
353
362
467
473
378
483
253
347
335
226
343
270
432
477
207
443
425
424
294
322
243
408
329
289
238
351
245
287
369
254
268
298
417
336
426
425
453
470
288
259
349
416
399
292
456
291
248
449
491
465
433
366
210
349
443
353
489
432
477
434
442
446
373
351
202
338
460
478
353
249
388
448
470
256
329
331
272
258
395
404
456
435
387
481
441
440
399
436
425
396
220
239
297
441
200
466
486
223
239
360
293
420
311
310
332
371
287
305
375
205
486
451
368
445
324
290
446
434
374
279
455
364
384
455
322
357
407
500
436
409
426
206
227
238
272
480
208
266
350
472
388
378
440
279
335
289
265
245
224
236
465
414
401
457
441
324
201
413
383
365
480
500
334
427
231
353
474
392
316
328
330
459
339
359
241
249
295
371
414
228
411
208
277
404
489
480
448
415
491
277
409
489
340
338
458
226
209
316
256
310
341
411
307
333
466
211
338
290
455
353
374
338
494
484
242
478
311
201
375
355
293
329
428
449
240
359
294
378
237
248
260
318
487
439
463
328
465
369
256
292
274
392
245
355
250
348
455
313
269
297
319
242
368
286
242
390
242
464
201
322
424
435
458
230
348
359
387
356
331
399
297
414
482
404
398
237
487
315
401
204
404
388
356
211
272
276
342
456
427
452
300
326
385
262
206
465
291
443
317
374
247
205
455
461
457
426
498
451
203
273
439
430
215
330
459
203
446
490
212
238
232
458
307
359
452
217
398
210
443
246
223
414
458
349
434
411
464
282
409
387
400
394
373
455
404
367
225
230
441
448
408
491
425
289
297
228
207
422
452
205
222
329
388
349
249
204
281
313
357
331
382
250
424
213
403
204
333
207
246
218
296
395
295
454
355
414
412
322
246
286
333
349
352
407
356
326
276
233
487
467
250
408
260
466
311
284
420
395
343
304
240
282
474
407
364
489
275
410
484
368
442
413
477
288
398
481
331
464
422
429
339
303
277
378
481
441
304
314
204
232
488
340
301
292
306
491
302
409
391
206
328
272
393
368
221
452
281
365
381
337
232
290
464
450
371
226
386
371
375
454
301
298
252
369
294
260
495
426
369
334
450
353
438
276
390
264
480
241
321
258
347
259
481
375
275
274
439
252
261
281
499
429
449
457
480
276
474
329
450
435
209
444
374
264
319
344
330
269
349
416
283
450
395
386
498
425
457
341
276
276
246
451
394
279
296
483
425
429
330
494
203
236
337
387
490
399
399
322
393
464
242
445
208
488
377
443
357
328
225
219
393
275
359
249
204
375
364
405
442
210
207
343
381
395
393
253
359
460
261
231
476
221
281
269
451
263
302
433
225
365
275
360
379
424
258
352
469
421
452
315
482
487
345
378
487
496
302
454
474
246
329
352
239
227
222
383
382
215
371
203
315
245
305
230
284
374
461
361
361
309
238
291
297
439
462
233
285
260
437
417
275
288
418
210
441
374
375
479
476
498
276
249
256
474
277
284
422
257
423
490
379
433
286
277
464
302
293
360
351
211
307
269
401
412
315
497
396
359
457
281
368
460
223
313
322
461
332
312
268
485
205
406
387
263
216
236
376
488
438
436
377
221
219
477
425
393
235
308
241
386
421
302
414
272
442
255
399
376
499
328
388
230
381
200
484
486
413
402
270
290
374
273
402
439
364
224
494
388
349
292
381
436
373
454
365
306
432
484
251
355
353
342
225
332
491
264
276
212
323
320
421
250
266
437
232
496
256
430
264
394
445
403
463
303
235
239
239
212
443
263
269
332
337
428
420
291
305
382
380
328
353
242
254
302
212
457
305
303
499
365
473
332
217
260
306
220
456
246
225
427
276
439
372
380
354
246
396
343
394
311
349
279
293
405
430
451
487
312
249
299
340
307
453
435
248
441
223
297
306
231
397
241
335
235
299
347
281
313
202
468
413
319
254
408
479
353
321
342
202
430
494
210
260
205
233
373
308
319
436
352
452
337
220
263
298
368
229
431
336
427
456
292
267
294
249
429
382
237
459
452
376
497
284
299
334
468
214
261
375
339
236
423
360
326
214
329
287
437
213
441
246
296
261
274
269
441
310
400
389
446
342
303
221
315
351
479
276
474
450
410
479
323
428
234
452
428
497
497
351
242
364
369
263
343
253
259
227
208
241
299
444
394
361
325
223
357
447
308
223
325
437
284
258
361
487
394
316
311
250
458
216
468
438
280
487
357
499
473
209
278
316
210
373
482
340
267
433
462
374
239
383
281
323
219
281
228
370
457
339
299
453
211
446
288
465
413
456
386
250
479
390
274
381
335
354
388
201
340
434
311
409
338
385
460
388
297
276
403
330
417
395
350
288
405
232
318
413
322
318
352
367
225
364
352
432
214
294
434
387
314
361
334
385
398
445
354
300
458
380
292
223
479
270
494
248
355
463
448
226
221
379
306
487
284
375
497
290
450
341
200
406
478
305
361
392
444
274
429
403
247
269
230
322
290
413
432
440
376
356
295
216
354
287
380
404
360
231
247
375
411
270
263
495
307
379
358
435
349
457
259
258
394
264
239
266
275
449
365
286
404
260
457
425
471
470
342
488
332
300
332
252
224
289
225
479
393
263
242
403
414
439
359
438
469
259
448
465
241
324
470
413
336
262
211
493
327
206
409
323
334
425
441
431
363
351
418
489
318
271
440
305
496
379
291
258
425
386
327
287
494
378
360
360
229
437
459
278
471
368
372
318
333
210
399
253
297
339
323
243
310
283
218
299
228
246
281
318
250
254
370
411
467
210
427
295
327
425
269
223
330
459
411
318
258
466
218
462
207
383
264
427
476
259
302
421
263
316
217
365
263
374
495
202
225
255
407
343
293
364
289
332
330
284
249
463
405
390
225
453
476
348
247
464
317
384
438
430
447
358
227
315
263
456
291
241
278
201
433
393
367
258
245
369
279
392
418
466
316
444
313
351
225
429
430
234
220
214
400
383
254
300
359
407
203
338
402
329
305
290
279
315
463
312
316
380
383
378
439
295
217
301
321
427
301
360
213
427
294
379
384
373
247
331
332
313
332
277
294
369
300
339
321
452
243
292
205
423
447
345
421
393
263
473
473
319
238
398
410
229
416
373
322
262
442
292
437
430
321
474
418
297
253
243
245
217
338
216
243
222
267
208
218
337
384
429
308
475
368
254
276
395
477
355
260
400
489
269
444
273
347
200
302
251
392
499
340
269
446
282
313
495
384
388
431
359
375
270
212
471
375
410
309
229
275
338
327
326
298
460
202
288
496
314
207
398
301
226
349
343
236
258
200
482
227
473
395
221
443
360
484
451
343
248
329
241
412
352
500
230
371
469
457
348
484
206
266
337
461
474
327
488
427
334
291
271
412
256
290
322
367
326
409
417
256
325
457
219
388
251
307
226
379
345
317
476
253
270
300
321
447
470
294
338
419
406
383
376
403
206
442
278
322
321
331
373
451
427
392
281
349
463
397
405
405
470
267
276
240
209
316
251
418
201
263
269
468
219
301
467
446
281
296
345
497
239
213
297
346
352
372
218
442
230
349
262
396
271
476
354
248
253
324
210
427
319
477
418
386
236
386
437
210
387
224
390
277
392
483
468
240
208
473
487
365
443
236
336
441
428
481
395
391
213
450
387
338
280
492
266
336
472
248
268
471
445
359
228
228
377
254
385
338
220
398
271
345
405
346
414
300
454
291
364
392
488
228
362
492
466
235
298
392
221
467
214
492
323
227
498
469
208
235
207
345
330
252
230
394
394
429
319
347
443
331
312
498
329
394
392
258
234
265
302
371
293
299
241
292
413
474
308
288
203
345
379
207
227
449
230
232
456
300
222
473
285
462
306
457
354
471
402
200
214
456
261
403
207
492
453
286
350
301
365
430
463
347
245
277
332
310
300
424
286
226
283
474
391
274
362
217
360
219
453
248
218
371
492
446
242
362
432
465
452
376
350
346
482
395
277
235
355
298
392
281
484
438
393
257
419
426
447
467
412
353
418
323
309
219
251
486
424
221
438
367
319
378
475
347
455
449
295
447
401
285
235
293
412
219
330
228
387
457
476
470
460
307
428
407
482
294
314
407
391
487
384
424
388
474
351
345
217
216
450
224
308
363
411
342
256
365
314
239
391
390
499
254
487
303
381
389
348
240
375
389
273
493
378
473
362
411
222
440
285
393
381
335
469
310
358
348
330
300
252
277
315
305
391
236
213
228
368
288
403
335
275
293
225
207
217
374
475
245
491
223
232
329
292
485
471
231
230
465
244
226
493
413
386
392
327
432
376
469
444
239
380
251
307
284
370
278
323
243
405
257
400
223
243
325
226
496
465
295
281
434
202
232
412
487
500
398
256
215
323
339
234
394
453
204
270
343
337
258
449
346
325
418
435
409
275
440
464
456
420
365
245
205
461
454
428
325
352
494
218
428
267
291
353
426
485
409
293
244
349
360
371
289
480
229
246
262
351
338
441
460
313
475
401
403
326
494
441
340
312
272
474
384
393
341
447
259
305
473
356
442
375
224
436
354
322
224
300
280
251
262
353
259
286
445
216
213
329
284
255
334
457
380
236
351
440
316
319
439
280
366
221
385
282
306
258
496
281
275
364
400
227
468
430
352
267
233
206
381
354
227
395
302
214
493
354
491
233
402
226
374
452
210
409
262
392
470
452
424
345
343
438
375
483
485
476
430
268
439
382
293
360
460
236
385
231
439
353
218
379
332
323
394
236
240
298
295
439
388
287
256
243
413
277
277
209
330
299
358
260
483
223
223
326
374
255
221
283
393
440
471
236
398
227
442
489
226
297
235
500
277
300
223
236
424
357
339
280
347
307
435
334
377
244
389
286
238
233
257
484
416
483
481
317
402
475
348
272
261
475
423
318
454
306
301
463
457
228
226
200
427
281
498
472
454
433
499
337
358
330
453
484
208
220
322
300
357
213
208
403
484
456
447
446
272
294
464
297
230
316
287
339
452
443
200
224
305
296
420
292
394
421
397
415
320
472
316
272
207
315
411
395
291
357
358
432
441
338
459
231
481
270
350
348
460
203
395
361
204
258
383
353
480
459
476
245
443
447
309
325
387
493
344
308
368
404
390
415
405
237
333
395
391
343
327
201
319
304
385
385
206
257
387
487
203
349
288
378
419
318
416
277
270
372
312
475
203
425
401
327
419
354
451
499
457
391
207
411
407
231
212
209
452
490
309
290
497
462
222
286
202
477
320
204
399
446
371
295
380
211
330
221
420
316
323
458
487
384
215
288
261
367
402
314
409
367
314
248
268
279
315
333
273
331
296
311
266
466
414
358
388
266
225
285
500
242
299
312
468
477
338
419
345
376
252
240
358
424
219
410
483
258
241
355
412
264
235
263
437
268
499
477
396
370
467
257
406
426
275
216
301
327
379
376
211
261
369
360
229
209
384
321
399
471
346
282
389
465
310
232
213
360
244
439
485
451
440
222
318
425
240
257
283
479
298
324
226
373
416
407
267
293
413
417
394
404
433
448
402
469
491
420
227
381
261
275
277
345
406
273
338
331
354
489
429
325
441
497
476
373
283
224
430
352
350
204
428
269
278
263
470
399
483
211
375
429
213
367
433
308
292
343
329
252
424
435
259
433
484
391
500
267
447
220
344
409
205
440
498
261
365
364
318
410
492
352
239
380
366
419
459
343
476
335
214
375
481
276
218
205
221
252
452
435
255
297
338
349
408
324
309
284
446
323
363
221
307
473
462
235
221
490
221
477
499
225
379
326
264
313
344
395
240
332
422
372
488
408
482
365
404
331
325
339
360
307
474
476
233
262
208
335
407
251
480
264
427
388
378
472
209
303
471
353
394
325
260
303
349
483
378
440
494
460
314
364
373
398
399
422
448
375
423
272
269
313
498
214
399
471
304
231
295
222
444
250
237
355
276
339
237
355
386
448
243
448
201
473
254
392
444
453
413
302
327
228
229
358
278
458
360
269
485
439
322
225
307
437
284
278
204
474
428
328
352
275
213
339
417
330
224
412
202
283
460
311
489
342
225
444
382
397
395
337
439
203
302
295
454
393
362
405
475
499
270
375
411
230
203
459
220
255
341
295
423
417
466
428
226
450
218
344
305
407
311
479
484
449
353
418
351
251
444
265
287
318
381
216
420
486
440
423
293
375
461
312
258
346
269
284
260
391
251
428
331
261
480
306
436
265
323
322
489
429
417
318
448
363
251
272
363
447
397
421
251
329
253
410
476
245
329
443
319
353
251
379
324
365
279
377
230
381
294
387
378
275
203
438
231
388
457
407
296
238
450
339
384
328
423
428
429
445
311
248
392
385
244
273
217
211
474
391
440
429
332
206
306
332
355
287
247
443
456
321
302
200
416
308
456
294
267
316
396
268
426
476
499
298
421
420
354
235
340
204
368
448
443
260
470
217
205
457
255
424
389
420
497
497
323
261
467
236
405
295
421
449
491
212
263
217
291
335
251
245
266
487
455
310
423
492
357
210
286
212
404
251
319
337
245
392
252
380
265
368
463
466
481
463
206
325
481
221
267
275
495
456
458
204
458
305
369
257
267
202
326
428
392
233
336
441
360
246
268
465
206
374
482
329
487
211
290
296
403
411
277
347
239
335
466
286
237
249
293
392
400
489
487
207
454
309
258
416
242
332
337
309
448
232
334
497
233
432
498
246
489
426
468
204
217
370
245
393
254
320
241
260
397
279
339
341
247
478
485
272
434
401
362
486
395
445
467
300
245
452
415
356
211
330
492
324
243
462
367
400
357
279
430
486
254
426
454
330
281
269
487
424
497
320
497
337
312
469
435
329
267
435
281
263
394
433
368
413
335
460
382
367
401
455
448
231
442
340
479
492
472
272
317
205
227
343
439
385
353
277
238
207
432
440
454
432
389
415
442
242
390
451
399
444
318
274
238
306
380
410
429
246
391
275
488
387
249
338
421
414
432
288
351
425
210
458
276
404
495
373
336
349
262
388
360
493
324
309
376
496
489
223
396
226
300
448
427
297
286
314
290
376
370
281
281
486
326
489
257
483
452
346
462
281
221
448
438
367
323
237
270
442
418
399
203
327
215
258
239
347
323
464
226
257
455
460
295
398
235
463
210
473
387
235
498
449
325
357
410
477
389
426
217
257
305
465
296
281
398
492
349
464
305
414
356
239
371
235
274
473
375
264
260
469
428
330
247
401
245
458
411
447
283
234
345
305
300
328
301
326
441
409
483
297
390
459
432
379
232
359
365
238
320
339
373
393
497
352
409
448
206
433
492
301
273
489
363
301
478
238
200
461
299
478
357
387
427
317
399
281
411
385
287
258
308
436
458
328
484
298
234
467
459
304
377
207
398
475
453
472
288
344
265
498
498
311
439
381
470
227
433
419
472
500
324
499
414
297
459
449
375
367
209
277
472
469
330
484
230
287
349
239
355
321
220
335
414
206
337
254
386
371
418
272
220
333
420
423
294
489
328
287
416
271
466
457
224
242
238
250
470
312
300
208
213
458
230
335
200
375
453
206
363
409
234
318
295
467
443
460
256
472
239
411
406
470
219
250
243
492
434
324
270
236
335
417
416
413
215
252
369
230
274
452
280
346
493
309
360
280
498
413
283
470
417
495
245
392
351
477
281
297
442
320
421
290
289
455
485
218
375
225
362
295
417
425
421
472
306
325
241
342
311
374
410
393
414
375
466
418
295
469
491
367
436
309
304
445
362
390
457
207
284
497
414
377
358
222
268
361
204
417
494
342
282
304
202
281
442
482
366
213
412
344
257
321
413
378
304
225
212
245
469
479
282
484
418
266
343
330
257
405
469
497
470
376
465
244
464
271
404
435
301
358
448
483
389
434
335
268
466
492
300
312
284
312
404
499
298
206
309
219
241
427
449
304
437
375
214
464
474
334
357
483
256
297
206
442
347
397
356
320
430
306
359
343
238
337
321
448
345
347
300
478
334
465
422
455
316
203
262
246
410
232
350
437
491
417
241
321
360
203
292
440
439
305
458
215
216
391
317
269
418
250
307
387
220
484
399
446
411
485
472
500
450
304
203
428
255
343
206
244
404
220
294
493
419
485
230
211
358
271
426
489
368
336
426
364
300
331
276
202
272
257
336
290
202
417
282
357
415
270
302
453
465
261
331
279
439
341
280
487
288
499
379
471
208
219
342
278
406
492
363
272
284
291
277
478
248
252
270
479
440
201
484
468
209
455
398
436
358
376
488
453
500
384
353
449
207
485
438
235
326
472
496
251
481
452
250
234
322
460
270
201
462
374
232
335
261
436
444
248
400
355
316
417
388
271
201
397
201
484
348
476
277
364
305
287
329
313
315
496
468
360
466
232
426
301
241
242
209
319
425
494
335
384
374
221
463
242
395
449
363
412
380
239
213
451
292
466
215
296
382
362
265
356
277
415
429
207
269
404
255
275
240
426
494
376
250
244
459
266
257
315
218
286
337
423
339
277
262
483
382
354
388
395
315
494
393
318
268
494
238
423
439
207
261
206
423
471
201
241
416
250
471
334
214
365
351
488
477
403
370
285
331
252
491
358
332
351
422
256
443
424
233
465
438
227
291
331
479
362
480
415
278
426
468
479
479
272
423
427
361
490
353
453
476
500
397
205
405
225
299
418
295
378
346
317
311
484
228
425
429
275
274
382
409
240
481
240
448
265
238
202
495
397
314
271
329
449
470
292
406
316
382
490
387
378
275
336
389
286
475
335
424
202
215
454
489
384
281
387
308
228
200
475
460
288
351
361
270
392
207
399
283
250
349
307
386
304
265
389
257
268
246
200
229
343
413
245
457
458
381
325
325
451
465
211
202
328
352
262
360
278
402
252
216
234
322
206
246
205
473
298
272
468
228
292
356
407
360
410
388
225
317
291
313
212
362
306
361
419
479
361
221
269
314
481
249
249
222
219
266
342
280
386
427
333
280
457
437
440
401
394
333
211
268
268
231
268
389
392
368
479
421
495
462
474
352
418
461
455
313
311
485
259
284
300
255
419
318
296
380
361
493
385
239
235
258
492
251
202
303
375
385
216
472
329
288
479
272
231
229
474
442
385
476
340
463
454
425
381
279
208
294
345
293
408
326
338
376
314
254
380
295
488
289
270
374
483
263
332
425
203
235
216
256
295
414
386
355
458
261
213
376
332
206
479
345
463
492
348
339
342
232
285
257
460
307
495
258
225
385
368
218
499
299
246
347
322
379
268
454
214
301
401
389
218
441
422
340
328
205
422
205
218
351
246
310
466
421
329
400
355
410
292
257
389
455
427
456
457
333
405
499
223
375
358
334
237
333
354
250
375
301
232
417
289
294
408
250
448
456
238
273
499
211
364
487
370
219
205
236
342
351
288
484
460
287
236
345
424
468
292
452
215
401
300
467
270
418
389
449
329
415
235
393
357
316
471
335
425
484
363
451
301
384
410
338
217
324
347
314
302
221
359
338
295
497
349
426
365
410
474
296
372
445
338
354
285
470
471
429
315
369
271
299
415
450
421
409
450
363
332
337
396
298
286
434
416
435
326
260
310
259
222
404
500
378
298
398
295
239
317
427
310
424
234
237
207
464
435
379
436
449
352
433
463
492
244
431
471
472
457
336
282
417
430
204
397
373
281
456
338
237
223
445
292
222
224
320
228
348
246
309
204
234
353
397
442
399
387
322
204
478
300
333
365
293
318
486
452
233
378
427
265
205
405
262
406
362
480
407
345
331
413
329
338
353
451
251
331
374
229
487
410
363
500
415
268
424
295
219
204
339
452
418
415
264
305
256
272
474
205
259
217
383
449
482
361
202
284
229
487
221
431
331
314
473
320
247
258
281
335
318
221
379
313
226
243
418
411
275
447
422
436
204
499
451
487
304
368
465
251
303
469
291
393
293
397
279
483
473
405
387
249
421
428
473
319
401
491
238
209
460
433
469
293
455
307
448
498
304
263
213
360
307
466
315
307
426
325
365
313
388
500
255
376
296
364
464
269
228
269
365
410
498
233
337
343
239
481
234
220
482
211
464
479
414
241
472
491
287
237
451
217
469
394
474
225
397
226
437
213
301
271
290
334
254
486
431
324
485
381
476
348
321
397
459
419
433
418
373
472
480
491
265
410
331
493
420
372
275
435
286
498
352
247
432
257
429
365
464
396
445
415
453
392
220
356
383
264
284
445
460
416
316
302
413
426
292
234
275
453
203
456
463
273
272
495
257
461
329
382
372
333
489
458
309
219
484
307
242
396
287
281
474
304
413
275
342
451
452
295
467
381
338
210
455
373
274
446
349
471
259
461
474
492
305
424
430
248
349
332
465
397
215
217
335
431
407
290
342
499
298
447
378
296
426
393
392
302
419
299
456
215
442
397
360
306
284
454
361
320
416
365
312
204
232
488
369
293
298
427
393
276
459
407
405
344
320
200
461
434
449
300
437
315
406
490
487
324
392
276
433
201
316
207
319
365
454
296
274
378
391
279
406
318
404
378
341
266
291
247
266
362
394
435
430
480
305
492
322
303
374
489
337
393
307
387
486
215
310
460
390
288
357
218
417
436
236
323
494
313
433
234
483
336
327
359
262
403
355
263
215
368
499
489
235
411
323
402
489
386
230
451
348
468
332
463
494
435
330
334
432
316
394
442
290
437
450
232
350
204
242
489
368
400
315
326
360
443
431
499
300
450
399
213
265
294
376
412
459
334
371
202
329
466
223
354
496
328
418
487
222
253
384
359
228
211
237
477
261
411
469
464
363
367
217
470
484
303
249
464
378
247
373
489
393
204
233
247
271
396
358
403
237
346
457
335
481
496
400
427
319
350
436
315
302
353
265
310
475
245
341
401
225
380
378
440
345
261
330
499
496
291
329
230
470
472
460
496
227
292
292
289
279
228
435
469
403
469
467
271
381
324
270
201
485
474
358
280
333
255
274
254
254
476
345
389
250
360
281
363
407
328
239
414
292
456
261
202
338
326
267
358
250
343
296
497
314
316
409
483
264
245
204
359
495
237
383
387
258
301
393
394
337
398
239
202
436
312
231
423
280
464
220
287
235
206
205
380
263
432
211
218
400
344
386
227
405
385
362
207
278
271
459
428
299
211
339
430
407
218
477
259
446
357
317
229
283
484
363
452
372
328
283
341
434
244
418
493
315
425
347
347
238
273
211
210
428
308
332
432
343
373
453
221
266
316
216
217
409
439
468
232
483
494
499
420
471
301
262
310
221
469
372
465
240
220
458
249
299
233
346
423
370
240
454
467
292
243
436
437
435
454
244
352
377
439
284
291
265
221
282
340
401
374
431
270
265
326
217
317
203
488
481
209
318
314
262
398
417
230
305
236
493
434
305
431
275
397
452
340
329
286
252
498
429
354
496
349
276
231
380
374
373
214
364
417
429
407
254
208
364
391
310
221
328
419
222
418
234
462
483
398
322
263
254
478
216
214
453
223
294
276
268
500
239
338
376
408
305
320
351
259
327
230
221
274
383
215
468
265
403
419
487
399
480
335
485
260
453
379
319
479
318
412
336
223
278
261
297
274
334
252
475
244
329
487
267
216
261
237
266
337
275
390
328
480
201
354
470
477
242
359
467
237
333
482
438
326
338
275
291
308
249
439
349
288
396
375
234
493
263
489
390
437
389
218
438
364
205
466
343
475
315
474
214
366
299
498
281
377
261
445
310
245
353
365
288
267
209
240
215
407
384
438
222
471
413
289
209
374
414
212
250
376
428
256
308
285
449
451
389
361
404
288
201
497
323
329
426
460
299
281
421
387
290
235
202
230
495
245
228
305
425
345
340
470
322
202
383
241
306
479
434
227
210
393
272
344
447
296
367
260
465
283
422
259
352
286
420
229
456
460
277
348
436
305
416
286
237
365
384
297
235
293
308
428
401
431
377
489
359
497
487
415
360
427
447
431
442
393
341
335
370
375
434
374
335
444
315
297
274
369
405
396
276
353
436
201
356
401
299
336
324
304
449
432
310
496
488
456
381
232
482
309
375
277
285
279
456
236
231
373
272
374
489
257
304
239
452
492
317
394
379
451
390
293
369
310
500
440
322
348
463
333
218
281
215
299
297
290
310
284
432
233
452
392
359
245
475
300
241
242
338
460
463
269
446
430
327
257
379
450
223
409
275
355
282
229
487
380
227
309
473
222
266
316
306
354
257
213
433
294
379
376
320
357
497
427
266
448
449
340
236
344
451
288
416
227
314
377
402
215
394
242
262
361
318
435
396
421
366
374
239
276
226
388
436
253
241
275
248
336
450
405
213
387
226
229
469
337
293
334
279
210
263
256
343
389
284
405
347
418
388
246
413
264
295
487
