100000 1000
14 7
26577 24
59909 31
167 36
1302 50
21991 74
369 75
16607 77
131 90
678 98
270 102
186 115
86343 116
1204 118
11644 160
1290 184
532 193
1505 250
18693 252
1216 265
11351 270
58355 278
10124 280
9856 282
1602 303
7060 309
49756 370
60576 390
467 391
54243 401
34960 435
97834 455
27747 460
1410 479
2571 490
21148 491
21952 500
2521 530
1982 547
4284 557
25489 559
55844 572
50252 592
2063 612
750 614
6946 625
65489 651
30176 684
20625 726
3375 743
63794 754
1629 773
88378 818
919 825
11884 856
3514 862
8932 864
87398 865
974 880
24221 899
89055 912
4790 952
10421 962
18026 1010
8329 1045
85899 1052
65034 1068
11461 1074
2024 1080
1223 1096
2511 1109
12597 1127
6051 1192
1641 1229
3460 1252
6125 1270
12329 1322
93583 1350
6388 1367
7620 1387
6157 1390
12975 1395
8244 1432
1902 1439
28915 1513
34510 1575
4243 1596
2461 1597
9204 1624
7490 1705
4905 1732
75642 1732
26578 1763
15233 1814
81187 1819
13520 1847
2875 1860
16791 1932
14693 1989
38777 2010
73348 2061
59022 2086
16147 2098
2322 2139
9977 2145
83554 2194
20057 2198
70100 2234
36892 2311
8146 2330
60868 2346
54749 2372
16555 2433
5348 2461
51892 2491
5422 2508
53907 2510
53806 2549
67445 2559
10769 2565
11993 2567
56114 2592
10501 2608
38064 2682
10836 2705
7688 2744
97242 2791
10453 2796
80242 2834
37003 2842
5088 2857
3130 2875
11194 2905
35328 2948
22059 2959
10708 2982
3892 3008
61652 3028
3722 3048
87800 3053
69890 3058
4190 3114
8655 3173
6180 3177
4265 3209
36832 3272
59149 3354
10161 3416
84921 3433
10379 3455
14421 3469
87053 3484
24606 3493
57892 3521
9625 3541
7953 3549
3944 3568
22631 3577
7155 3652
14507 3667
75086 3671
4220 3678
49947 3682
35812 3688
9105 3726
72656 3745
65789 3809
60657 3880
9465 3909
15936 3913
25822 3946
7271 4061
34140 4073
99710 4117
18992 4212
34918 4217
12029 4299
10088 4300
5330 4331
34255 4331
22413 4387
6189 4459
9786 4605
7498 4616
5366 4754
78102 4775
92068 4823
7619 4910
8172 4944
51398 4958
59611 4963
81301 4975
35894 5021
45022 5065
35378 5076
6439 5212
41033 5231
21756 5239
54823 5244
17114 5291
72941 5330
18652 5429
6362 5463
12664 5472
9192 5506
11908 5533
7857 5597
27258 5606
15282 5617
30988 5623
78095 5641
35440 5654
13396 5725
6546 5733
8021 5795
5951 5806
72532 5806
8729 5832
88456 5838
8124 5851
26508 5925
6668 5946
47683 5956
6766 5957
24292 6099
37195 6119
11655 6136
10903 6168
8540 6184
9204 6221
65548 6243
27278 6259
54363 6282
27306 6299
25746 6300
86078 6334
7577 6343
39390 6375
15625 6469
15052 6502
19825 6540
31745 6577
76822 6678
35424 6682
27375 6693
8481 6773
11689 6777
80494 6853
9796 6866
41605 6903
44071 6909
69317 6938
15080 7013
33129 7018
44190 7027
24212 7044
27050 7048
54320 7051
87708 7076
98800 7089
14704 7107
35469 7109
60492 7134
28949 7185
34169 7205
14657 7243
15353 7293
56570 7298
24726 7390
10221 7439
38300 7488
18698 7497
66602 7542
9346 7563
43515 7571
88594 7597
69705 7631
35526 7688
72667 7697
8250 7742
64832 7761
25974 7884
9303 7910
28513 7986
46646 7989
33692 8036
12169 8058
32330 8072
9827 8119
8463 8140
90116 8195
76931 8215
12124 8229
72956 8232
10323 8303
13414 8349
13610 8405
72547 8408
10985 8451
55745 8460
43070 8460
14897 8486
56543 8491
88423 8546
8941 8563
11894 8592
15314 8593
26195 8645
12030 8686
26188 8736
85813 8770
12981 8785
28353 8834
33382 8859
79294 8870
38885 8928
37507 8930
13170 8980
16369 9047
82691 9059
42317 9066
60488 9126
99930 9153
69444 9160
38983 9193
34979 9233
18564 9292
30078 9308
40276 9372
14856 9464
96173 9565
35403 9588
12902 9604
13971 9626
18689 9638
55015 9657
19973 9701
37820 9729
12088 9781
20069 9900
36337 9954
42836 9971
12409 9982
25326 10005
25042 10018
33522 10110
25525 10112
11628 10142
91412 10199
21654 10256
81979 10271
78531 10277
71396 10330
42873 10336
37396 10351
30635 10364
17877 10413
35628 10493
31599 10566
46110 10617
72396 10686
14978 10700
16223 10776
43085 10898
15417 10968
64376 11011
20027 11049
82295 11083
12374 11091
53818 11101
26722 11103
81236 11129
15152 11132
33979 11140
47926 11175
52032 11269
11789 11282
50488 11356
18514 11385
23936 11442
18416 11450
43994 11540
16537 11595
44850 11598
34045 11617
41398 11684
69241 11726
23619 11828
21112 11841
17586 11909
18964 11944
85772 12066
19142 12113
74180 12138
54634 12208
66484 12240
21658 12242
16354 12306
34690 12331
23745 12387
12762 12390
32481 12415
46793 12613
26903 12633
24894 12663
19524 12815
36489 12819
19214 12836
16697 12861
63489 12898
13809 12927
58509 12950
24401 12957
91633 12977
36917 13078
20507 13101
39137 13140
48220 13208
15712 13254
26160 13258
77888 13294
90671 13389
33941 13397
56532 13572
32454 13655
14152 13734
29923 13798
20781 13800
39640 13878
32278 13912
14645 13947
55788 13973
75275 13998
35052 14078
23004 14132
21263 14133
67132 14193
40788 14347
84768 14376
61417 14433
22161 14586
19909 14590
68183 14600
85865 14612
28824 14663
32980 14744
95013 14768
71878 14871
19666 14945
16058 14994
80930 15062
98676 15074
56196 15095
23510 15100
21938 15163
21193 15305
16241 15333
46954 15378
45582 15454
71451 15480
53949 15490
51541 15507
18857 15538
16542 15552
31230 15572
44925 15592
16479 15653
18148 15692
31440 15709
83972 15714
18365 15743
70252 15867
24565 16103
23412 16184
72487 16261
61166 16286
38329 16352
21025 16412
46042 16457
69253 16505
17202 16522
30492 16616
62927 16650
26361 16663
56416 16795
39613 16800
25086 16822
47659 16841
71268 16901
38073 16915
58165 16934
40497 17022
47309 17023
57244 17047
67139 17067
34964 17093
92162 17119
77560 17130
93491 17140
39037 17145
34604 17220
85584 17231
21278 17452
92445 17479
31273 17506
39709 17655
32920 17663
22880 17838
39116 18146
33959 18154
21552 18161
77068 18182
37709 18202
20134 18255
31587 18281
52161 18333
22479 18349
23244 18375
58272 18403
42689 18588
43996 18603
18746 18660
43820 18679
27339 18712
50786 18730
25165 18758
43302 18758
65681 18764
56917 18769
22861 18780
37739 18938
59122 18950
82218 19013
64848 19079
45110 19211
74607 19246
55104 19301
32919 19421
43901 19542
24472 19603
52294 19714
55557 19841
30962 19854
58437 19870
56749 19897
33211 19905
52031 19949
94790 19990
75627 20274
29473 20292
79670 20388
77473 20477
80749 20703
42299 20865
26437 21020
33416 21037
28516 21046
42648 21061
30086 21071
25866 21190
60770 21194
27343 21289
77126 21398
67527 21488
34649 21519
83164 21544
49788 21612
33870 21669
25300 21673
40434 21736
39248 21806
51577 21817
41047 21838
88546 21903
44382 21928
45337 21942
33159 22028
97689 22069
33134 22237
43764 22285
35894 22484
94852 22523
42197 22651
67432 22666
27100 22674
24701 22690
1 2
2 3
3 1094
1094 39845
39845 9875
9875 85375
85375 39456
65477 22738
30140 22840
44595 22969
38966 23117
39456 1
73180 23150
63358 23168
73886 23181
29606 23196
24207 23240
57874 23408
25746 23435
33315 23515
38306 23535
91605 23624
52838 23654
46812 23831
59475 23840
42638 23864
50040 23874
26113 24111
53726 24187
68144 24239
33540 24273
47601 24835
72449 24940
32331 25044
69524 25051
73594 25166
74282 25211
60420 25268
37822 25380
25983 25584
26017 25643
77092 25678
48616 25755
87823 25756
99904 25757
96716 25846
54466 25920
46484 26025
30428 26039
33452 26070
50469 26135
37947 26354
90631 26431
31554 26474
97581 26588
35522 26898
43889 26951
63647 26974
82740 27096
29259 27131
27687 27317
35958 27371
55857 27434
33176 27450
77293 27528
62014 27625
43497 27633
63597 27693
57256 27740
31465 27845
38031 27901
45495 28186
34471 28219
30201 28269
62176 28385
45988 28453
53331 28508
39832 28524
39062 28641
54087 28774
76194 28801
36143 28813
35974 29005
50826 29170
30612 29732
84443 29923
44330 29941
80098 30004
35124 30013
78385 30100
83333 30139
80318 30176
93117 30205
83512 30340
47284 30513
57246 30573
97529 30671
31028 30677
74471 30820
70758 30895
90186 30938
67429 30988
36331 30992
32458 31200
63647 31219
76925 31364
40316 31390
38025 31431
44201 31441
95071 31452
42219 31557
59259 31826
52564 31834
89580 32182
83129 32304
49303 32742
39131 32770
37878 32913
96283 33045
62132 33087
40873 33249
64371 33560
52134 33711
47550 33716
37484 33831
86687 33914
70983 33974
63211 34266
42469 34365
70698 34441
73091 34528
75532 34532
41654 34548
35281 34624
59233 34725
36706 34776
53996 34819
40353 35015
46196 35076
50546 35099
66248 35102
40798 35312
84554 35382
44186 35492
35633 35585
67151 35591
90407 35803
43316 35817
37420 36135
58525 36192
66073 36266
88756 36445
57737 36458
39200 36465
39962 36526
44478 36536
93810 36561
88961 36641
52260 36792
62668 36808
80756 36868
41793 36882
68773 36888
46071 36964
74755 37332
48319 37350
77904 37442
80316 37566
61122 37788
44944 37848
59703 37977
51265 38418
40093 38423
63436 38577
43570 38660
85775 38695
66247 38846
44678 38882
79892 39103
45593 39200
51635 39223
97657 39310
44015 39393
53184 39477
85667 39593
99022 39713
91706 39777
73170 39848
94096 39981
92930 39994
44351 40009
83219 40072
80692 40093
69131 40368
85370 40437
45224 40554
95220 40692
53529 40712
86461 40738
64628 40786
67119 40798
80483 40905
58433 40910
68048 41153
79656 41162
94693 41277
57671 41361
53757 41371
42161 41494
51440 41513
66472 41553
71458 41855
63595 41925
94433 41964
56934 41972
57730 41974
52556 42002
67742 42047
67809 42158
59880 42327
75941 42455
68741 42482
51297 42780
58484 42896
55940 42905
90536 42979
59574 43130
72408 43275
63019 43363
60434 43411
55116 43447
63239 43535
48615 43646
48227 43662
52409 43797
64046 43867
70243 44003
54088 44060
82347 44083
50475 44200
73459 44361
45321 44609
86262 45347
63266 45374
61883 45553
61932 45576
66291 45619
88810 45661
51335 45675
94549 45808
96134 46137
46703 46188
93636 46402
49622 46460
61166 46473
46659 46497
85206 46613
54853 46637
90881 46642
48622 46681
73661 46753
81701 47140
71451 47237
97539 47247
95060 47393
90932 47429
64099 47701
97424 47791
51474 48301
57974 48333
54522 48435
68940 48486
52728 48583
50063 48635
51194 49313
98886 49347
91571 49369
59111 49527
76386 49542
51488 49597
91960 49875
75651 49937
79753 50207
70610 50244
69729 50375
97796 50429
88530 50438
72759 50765
99179 50780
94152 51296
93160 51500
63546 51604
78735 51743
52243 51980
93899 52420
96587 53129
61737 53130
76895 53609
57719 53701
83578 53799
55036 53850
68573 53942
86089 54010
77413 54060
58686 54252
81963 54439
86424 54481
57220 54613
84183 54747
78981 54840
71249 55067
99968 55193
96124 55299
74912 55772
92530 55840
58407 56149
92655 56352
74663 56453
58235 56678
81639 56719
76402 56786
89465 56859
86576 57095
69147 57417
64567 57694
68589 57765
87606 58212
90622 58589
63166 58881
60600 58903
63995 59166
79167 59415
98312 59759
69525 60268
68072 60387
74195 60567
63267 61470
64335 61635
91190 61981
68274 62397
70140 62424
81560 62488
62907 62678
87040 63209
72709 63701
77674 64028
67318 64052
85345 64228
92560 64652
69126 65006
76614 65456
72994 65474
77508 65574
74250 65734
74248 65844
76913 66149
82261 66151
88792 66894
97373 67251
94382 67412
75579 68060
90874 68136
80528 68403
68948 68715
86087 69181
75379 69343
97585 69524
73154 69562
78883 69600
90367 70037
92328 70234
89662 70307
86034 70470
88972 70551
95714 70902
79760 71568
74284 71644
96581 71771
93804 72091
84294 72247
87391 73478
88529 73715
76323 73726
83705 74037
96203 74196
93725 74291
82103 74407
87642 74590
79637 74778
81447 74829
92496 74969
93852 75012
76062 75175
92051 75851
82424 75976
81102 76275
77995 76749
92164 76895
85847 77084
79877 77385
97148 78606
92293 79297
99726 79378
86180 79551
80648 79822
84512 81373
97967 81747
82621 82295
93218 82538
93524 83053
83960 83426
98604 84390
96183 84837
88251 85831
92723 86466
95149 87125
94061 87758
94409 88206
88657 88611
89929 89368
95542 91324
99391 92934